

******************************ACCELLERATION******************************

0.08015405		0.046367772		0.058810197
0.0755676		0.05074153		0.061514646
0.08237452		0.053277873		0.048952173
0.07763686		0.053912513		0.024024379
0.08732481		0.039729685		0.035949074
0.08891615		0.044674683		0.028572561
0.0868656		0.05710178		0.06649704
0.063268304		0.05539291		0.029322844
0.069553696		0.051957794		0.06912362
0.07618494		0.057734948		0.026622085
0.08369212		0.034338493		0.035814155
0.08547771		0.044314682		0.023576884
0.08309885		0.044628043		0.021132452
0.08311652		0.042409673		0.023577383
0.08353231		0.032991175		0.040821385
0.071633495		0.045071587		0.031377085
0.07447419		0.05837565		0.049213212
0.079107486		0.049581707		0.02884354
0.0905292		0.04759032		0.021083245
0.092795044		0.04255693		0.0334113
0.06144006		0.043147378		0.08402636
0.079673864		0.03839389		0.03602738
0.08454516		0.038434044		0.05097074
0.06804694		0.05684055		0.04929102
0.09387575		0.040829092		0.048363708
0.07910591		0.0528826		0.023960521
0.07948708		0.047996208		0.03381281
0.08415858		0.034961294		0.020861832
0.08696792		0.034275062		0.05833024
0.07939067		0.033005483		0.035933137
0.07423289		0.047648165		0.023952212
0.06799395		0.05333031		0.059239782
0.07501553		0.058009125		0.049229577
0.09092576		0.051327255		0.031226555
0.095779344		0.047694597		0.066072285
0.0832438		0.05717664		0.041549955
0.06941983		0.058784734		0.044333886
0.08359453		0.031535525		0.03328993
0.07675444		0.049612343		0.05394743
0.10436101		0.05846072		0.063715085
0.074357904		0.032382585		0.071024135
0.06918439		0.045532055		0.03396388
0.08339065		0.052172687		0.04891084
0.08367898		0.049333736		0.0613236
0.07218033		0.037840985		0.058702726
0.07424002		0.036994636		0.031129852
0.06817414		0.058891747		0.076896414
0.07733177		0.066334866		0.04689163
0.09169581		0.04504376		0.053511787
0.06578314		0.05471344		0.03424198
0.083229385		0.040164668		0.071039826
0.08701419		0.036934868		0.038371228
0.07024753		0.05115957		0.026581384
0.08960381		0.043592475		0.06104005
0.08656258		0.059821643		0.049052924
0.06822002		0.039074708		0.041285727
0.086573		0.05134801		0.03379808
0.0818924		0.04663227		0.036256187
0.07105971		0.04361509		0.063887075
0.065772735		0.05668383		0.014306198
0.08095806		0.055435486		0.053998794
0.06482803		0.06695427		0.042095464
0.08465506		0.05655324		0.07644456
0.088215224		0.04412862		0.020984685
0.079328515		0.052600376		0.046405826
0.09313831		0.04823168		0.041023664
0.079117775		0.040840596		0.053587887
0.06716501		0.052780837		0.036633283
0.10706363		0.03640034		0.057963867
0.08928322		0.055171452		0.036326155
0.0871343		0.03579734		0.055833805
0.07485874		0.052331332		0.03901998
0.07979933		0.07005546		0.05442754
0.09336274		0.05865605		0.028821543
0.05988284		0.022368085		0.0734362
0.08454693		0.05423924		0.03637081
0.07974819		0.058265638		0.039069384
0.08191921		0.044725526		0.023634741
0.10022679		0.048674613		0.050960213
0.07382412		0.059906993		0.036742885
0.06567166		0.047075532		0.06652856
0.10184364		0.044363517		0.015765669
0.06937576		0.06131363		0.04435664
0.076496705		0.060955256		0.03919149
0.06772734		0.03960499		0.043730993
0.08606083		0.033320766		0.035724632
0.06742452		0.05591117		0.046722077
0.081177965		0.047264025		0.026206862
0.076073535		0.04291528		0.011162238
0.081090234		0.04624748		0.051211048
0.08997272		0.03710698		0.05080505
0.075902715		0.041547406		0.058695674
0.07111506		0.04655611		0.048925415
0.07558743		0.04946526		0.028898852
0.062416088		0.03736003		0.04630331
0.09686596		0.054403845		0.031153983
0.06534894		0.0454375		0.07649348
0.071671434		0.049762167		0.016443908
0.08851141		0.03551655		0.043261226
0.085590705		0.047521506		0.033659272
0.092611164		0.04233197		0.053406082
0.08248227		0.040845204		0.026046196
0.084844306		0.058581613		0.049030393
0.06376009		0.06980514		0.032188963
0.067258306		0.04592839		0.046428204
0.076637976		0.032951538		0.03337823
0.07473413		0.037252124		0.058566652
0.08339632		0.04077603		0.031000182
0.07464219		0.042199798		0.0637317
0.07440111		0.049734034		0.046439026
0.07744536		0.028640117		0.06579669
0.07688268		0.045826133		0.046295654
0.07098428		0.035581917		0.08362958
0.08620732		0.04196615		0.03851471
0.0815485		0.059943277		0.056625187
0.090036474		0.045289747		0.0060134963
0.08119903		0.058055397		0.044072937
0.06923046		0.056677546		0.001692151
0.08447006		0.059845425		0.04903034
0.06348288		0.05789585		0.021815583
0.06212761		0.04394677		0.031431463
0.06395341		0.052788563		-0.018391103
0.08413517		0.046371		0.051111482
0.07961053		0.04611473		0.058686964
0.088475466		0.037751686		0.043296468
0.08103713		0.038352266		0.033457134
0.07207081		0.047059704		0.053885136
0.06773835		0.04691494		0.05896309
0.076729916		0.065425575		0.04931312
0.078425825		0.07258485		0.01694071
0.0708305		0.049629394		0.07144405
0.07080355		0.04826469		0.046378955
0.08694102		0.06020064		0.03389669
0.07988299		0.0620429		0.0315647
0.08955623		0.04078617		0.04328997
0.08898247		0.057213433		0.033764552
0.09160639		0.051233616		0.06356632
0.08113139		0.05009392		0.013690713
0.072923966		0.04174072		0.06364186
0.07713954		0.045068786		0.038644664
0.07900275		0.057053383		0.021440562
0.08914246		0.037464615		0.06322767
0.08596367		0.04290692		0.04344869
0.043823387		0.052688893		0.011966678
0.08265345		0.042561647		0.0609878
0.097683124		0.0532138		0.023510512
0.07458201		0.036334384		0.03846813
0.07916324		0.036973424		0.033408515
0.09756751		0.050832704		0.04850052
0.080743946		0.06461403		0.036684316
0.072403125		0.045383308		0.053781237
0.081469364		0.04384292		0.036062498
0.08030576		0.035368636		0.095899686
0.0856064		0.0467735		0.031089388
0.0927149		0.057016708		0.068792716
0.09116175		0.060603008		0.008875138
0.071312055		0.06061318		0.059255674
0.09420125		0.04751224		0.033439547
0.07349556		0.050898805		0.061438333
0.07945574		0.065896414		0.011711585
0.07559716		0.028224852		0.028204385
0.0823901		0.03354604		0.030761687
0.08252666		0.026718192		0.04560315
0.08854981		0.046432577		0.018551683
0.08144289		0.05271854		0.0288622
0.07448038		0.06135129		0.03172541
0.08192844		0.053633645		0.046371765
0.07545372		0.044030648		0.056209184
0.06567111		0.04746844		0.02146537
0.082006656		0.061344814		0.021556951
0.08677957		0.07173414		0.039266016
0.095860295		0.048333157		0.03091196
0.08865565		0.056679353		0.048809852
0.07029545		0.011009708		0.032817937
0.077346265		0.025365442		0.055655126
0.060949977		0.031075832		0.04112708
0.07734754		0.047706682		0.04882208
0.08204318		0.034113463		0.04835794
0.10047594		0.04764614		0.070942804
0.071674615		0.05506181		0.03914833
0.06349193		0.02917909		0.061069626
0.065607324		0.06220936		0.04696082
0.07539219		0.03464696		0.043486625
0.081621446		0.036157843		0.01341268
0.09273288		0.052382268		0.021199623
0.0830119		0.05002703		0.013804301
0.0921026		0.040862218		0.015894648
0.08030427		0.047382947		0.03131561
0.085655086		0.043714393		0.076158285
0.072756246		0.041180298		0.0062620793
0.08266803		0.07005991		0.046934143
0.0922976		0.030454675		0.050636914
0.061867774		0.051202558		0.04927542
0.08898639		0.055273738		-0.0036458408
0.07142294		0.044149816		0.04638487
0.08967178		0.06481156		0.046642024
0.076245844		0.031617153		0.05843385
0.06854602		0.033218317		0.02111294
0.077654876		0.058463123		0.03167403
0.07998819		0.06671214		0.041864745
0.078439906		0.047009725		0.06633254
0.06416863		0.04565544		0.031515114
0.0831062		0.038796138		0.043497816
0.07818877		0.054646846		0.049047995
0.08514495		0.056708235		0.046467435
0.09226248		0.038222943		0.050820917
0.08101521		0.046475403		0.08628762
0.091566294		0.036729094		0.033288077
0.081806645		0.034706403		0.030922478
0.09493061		0.047260847		0.011049275
0.074372664		0.061905224		0.046859145
0.06773412		0.052880634		0.031682998
0.062164452		0.040263824		0.0664356
0.07390714		0.04354799		0.04880314
0.06462998		0.032774214		0.033653658
0.07661015		0.046921864		0.046359643
0.07715508		0.03940371		0.06614579
0.067478634		0.04494213		0.036451273
0.093091495		0.04280555		0.04594909
0.09274592		0.058125995		0.06390829
0.07652338		0.028147109		0.053337164
0.07787179		0.03943199		0.006115381
0.07867272		0.047459908		0.053866923
0.07820694		0.05251944		0.03149791
0.0783802		0.0477073		0.033855777
0.073869504		0.042991135		0.03630609
0.06485333		0.040885802		0.033904932
0.072535716		0.031454094		0.05602065
0.07662753		0.04622291		0.033855323
0.07434555		0.055078458		0.04165433
0.08594095		0.050720576		0.031303693
0.074286126		0.04801339		0.03143309
0.087741114		0.048501994		0.018706884
0.07615034		0.054347225		0.044105757
0.082794905		0.034353435		0.020909034
0.09850806		0.04383003		0.02842041
0.07000481		0.055192664		0.021761877
0.06184977		0.04708685		0.0491771
0.07380947		0.047459856		0.041450977
0.090136915		0.060924932		0.051544085
0.092492305		0.055257153		0.066340305
0.06831166		0.051782224		0.0066145775
0.08072134		0.04173403		0.03612347
0.07125196		0.044533607		0.026378917
0.08079219		0.04668475		0.04128055
0.07799249		0.06108677		0.019220741
0.089951076		0.050875336		0.041224062
0.061547548		0.05127327		0.011716996
0.064586826		0.057983495		0.019343913
0.06296589		0.04660609		0.014024419
0.073484175		0.052388836		0.061525226
0.10934545		0.049067236		0.02076669
0.10429063		0.03152217		0.055409253
0.086907715		0.03645227		0.048399415
0.07250122		0.04590391		0.03892389
0.06313973		0.039959732		0.008892679
0.08235712		0.046730418		0.033762332
0.075206086		0.035697028		0.023585677
0.082424946		0.051310435		0.051428333
0.084620185		0.069248766		0.054380402
0.08507757		0.0543837		0.06644204
0.08198563		0.048400447		0.026296575
0.075488575		0.052181683		0.049030848
0.07816725		0.054170333		0.054022163
0.05303352		0.04504478		0.044200692
0.0650567		0.05079374		0.024121666
0.061226085		0.048112534		0.041616477
0.082038015		0.048871525		0.0287454
0.080226		0.052440263		0.061407086
0.08033784		0.045355186		0.061197765
0.07370237		0.055808555		0.086630136
0.07755011		0.04100377		0.033591323
0.080521524		0.03779437		0.07349311
0.07763044		0.04082339		0.05612517
0.07499297		0.050456688		0.046450794
0.0865017		0.043773178		0.041047316
0.08429737		0.052456923		0.06135295
0.07265155		0.05725191		0.049185794
0.068907395		0.051849432		0.069093704
0.0712823		0.04352138		0.043784525
0.06894599		0.06000937		0.036783356
0.08291012		0.057902753		0.026454668
0.081184395		0.056730576		0.053952787
0.09202406		0.055398446		0.01618887
0.09004785		0.052049506		0.043649226
0.0919053		0.050070096		0.031047955
0.08688497		0.04781864		0.026085235
0.084266566		0.04338784		0.023515144
0.08445694		0.047336552		0.05115786
0.049297266		0.050072048		0.026853837
0.079531774		0.03778297		-0.00407525
0.09102288		0.04215771		0.015874485
0.086314395		0.034840845		0.033280686
0.053429227		0.05374004		0.014403039
0.07528101		0.044586014		0.023742067
0.087527715		0.050158385		0.06871056
0.07844726		0.051593516		0.08642208
0.078047775		0.05022759		0.053856652
0.084870934		0.052813005		0.043800067
0.084824644		0.056889553		0.053918086
0.08477395		0.03367279		0.053260863
0.08322953		0.0651877		0.006667808
0.066145614		0.049220353		0.06154723
0.07282154		0.02350963		0.015669206
0.07080725		0.053228583		0.046591222
0.08880005		0.035979357		0.010746864
0.09783013		0.0509437		0.051067706
0.078786105		0.05086724		0.043907527
0.09277725		0.02366866		0.042898364
0.07396276		0.03992163		0.051225826
0.083195575		0.051639456		0.056394424
0.07579245		0.047693487		0.03139705
0.078363225		0.052101128		0.036473125
0.06934163		0.040633418		0.033804018
0.06980701		0.036123544		0.04368377
0.0908607		0.03428532		0.050774127
0.07237795		0.03849736		0.071256146
0.07835291		0.05628106		0.024120025
0.08578264		0.053100716		0.04891031
0.08296121		0.053337574		0.03395239
0.06711272		0.041474983		0.038902644
0.07596017		0.045205407		0.0063264132
0.07184958		0.05150735		0.03159723
0.08610071		0.033028483		0.04083595
0.095070496		0.032964643		0.055705223
0.08462144		0.054558035		0.028995343
0.0664625		0.049579114		0.034177892
0.07382283		0.05906573		0.03430314
0.08125937		0.027116124		0.030768493
0.07349165		0.051003907		0.014086464
0.07464047		0.05851984		0.06931059
0.08564644		0.04378333		0.01865234
0.076858975		0.047459044		0.056447335
0.06492765		0.0573022		0.031914793
0.06849333		0.04721981		0.059068743
0.07500883		0.050794102		0.01901803
0.0939677		0.05462143		0.043794848
0.08913978		0.0474197		0.0436808
0.09539176		0.047533877		0.03607591
0.090401284		0.04450396		0.053608123
0.07132568		0.044572666		0.041454893
0.08263066		0.051935416		0.028944941
0.09184158		0.042509805		0.03352479
0.0840339		0.038343042		0.016055621
0.07239177		0.03342426		0.031150319
0.07924379		0.06340224		0.039383866
0.09304524		0.05194346		0.028795885
0.0882987		0.048795722		0.046316598
0.07282088		0.031655427		0.078628115
0.07182367		0.058805663		0.02437502
0.079916745		0.03705198		0.061133962
0.07040496		0.05363918		0.05426845
0.076966844		0.058760926		0.029266693
0.05848988		0.04969598		0.009313703
0.08731503		0.0579805		0.049054377
0.09065815		0.056815676		-0.003578955
0.070781656		0.05707719		0.04931449
0.061891206		0.043313734		0.039058875
0.09003073		0.04571667		0.051137537
0.07494138		0.058255643		0.0092295455
0.066958986		0.054143477		0.05927821
0.0943128		0.05687008		0.043856017
0.08069611		0.05525989		0.074071504
0.05476753		0.060393292		0.03462832
0.07414651		0.048939336		0.033930134
0.10400969		0.044773195		0.028276308
0.08676159		0.053818237		0.021362305
0.066750206		0.047267318		0.06655784
0.091966525		0.045368742		0.056042515
0.092943095		0.025995767		0.012973036
0.07258059		0.04523126		0.07144935
0.08774868		0.035765257		0.013375296
0.084715776		0.040789578		0.0060848063
0.07594112		0.055352136		0.05419209
0.09208832		0.039500415		0.043451454
0.084178515		0.042754225		0.0161801
0.06807735		0.049378816		0.024160957
0.073236234		0.051706597		0.02912169
0.062134128		0.040149648		0.031488605
0.07120819		0.04376377		0.0014045504
0.060634807		0.047798093		0.02922256
0.09831442		0.052054986		0.058697212
0.07614695		0.046387248		0.0038946075
0.08403046		0.038301073		0.05357004
0.051682834		0.042881332		0.051784042
0.06343803		0.05348736		0.021837031
0.10281767		0.04706565		0.015944717
0.08119924		0.035594698		0.006014245
0.07903973		0.04456139		0.026340341
0.07698799		0.046415687		0.04394109
0.09319143		0.06241509		0.051610522
0.07175443		0.03318574		0.013635054
0.061134584		0.04399832		0.05666495
0.08224326		0.037999235		0.046116885
0.07293074		0.062865146		0.059485983
0.08640748		0.05198308		0.028905371
0.06581516		0.0624838		0.042068243
0.08442608		0.040008117		0.01857101
0.0773815		0.051072598		0.031518467
0.0755383		0.059338145		0.05428979
0.06711235		0.06729002		0.07716443
0.08273451		0.05293566		0.008895062
0.07675247		0.040182367		0.048673484
0.08113308		0.038368586		0.041045777
0.08359708		0.05144632		0.07140681
0.091967456		0.038879342		0.030874828
0.08714535		0.049789738		0.051305875
0.066248275		0.031681184		0.03615203
0.07171462		0.038066875		0.07377539
0.093778625		0.046574935		0.02858805
0.07999555		0.04328847		0.053767715
0.07226855		0.033460453		0.0061056893
0.084447466		0.028174708		0.05080357
0.05391668		0.04508153		0.031810876
0.0823885		0.058529764		0.051688444
0.06810039		0.047409557		0.024103757
0.061784644		0.05375115		0.041896656
0.09150093		0.043013543		0.018546654
0.08950576		0.048253477		0.068778254
0.07010846		0.06017852		0.03692913
0.07286565		0.057411376		0.041790355
0.07080297		0.038875133		0.03628848
0.06196279		0.045625627		0.049153637
0.08256061		0.055661622		0.02904071
0.07181023		0.05404582		0.06670712
0.09224445		0.056845315		0.046401013
0.08081739		0.041901622		0.0661949
0.10235689		0.06856961		0.019041484
0.09300959		0.0487326		0.03615038
0.08734318		0.064812556		0.016696982
0.104307696		0.04200263		0.0707876
0.0935574		0.042667765		0.040996347
0.077207096		0.041971095		0.05878658
0.083532915		0.056547355		0.03156821
0.08594361		0.046767294		0.038748767
0.0739089		0.056003302		0.02671767
0.07700031		0.0682722		0.06201544
0.06539521		0.034503024		0.018699054
0.06869684		0.03612521		0.05871873
0.070305586		0.020092668		7.013208E-4
0.078191325		0.028435988		0.06087458
0.09322111		0.052506067		0.036297794
0.08593896		0.047595285		0.038796064
0.07873961		0.05250975		0.026556667
0.07433433		0.045525357		0.02642935
0.07699431		0.042758994		0.04130954
0.06585527		0.0425151		0.051506795
0.07535755		0.045654017		0.03640346
0.0755372		0.04588819		0.033900574
0.07126462		0.034526914		0.036156304
0.08736877		0.04651197		0.041231606
0.08235339		0.03787435		0.028574077
0.077712044		0.033643194		0.031054636
0.08246316		0.051899068		0.049014635
0.07813366		0.042041864		0.06381597
0.06837605		0.045237057		0.036561057
0.07313538		0.054501258		0.034228284
0.088780686		0.050803788		0.0013174433
0.09862013		0.04649944		0.061079267
0.0951611		0.040161446		0.030948417
0.07012983		0.016176838		0.06575834
0.08316983		0.05223065		0.041550584
0.07878302		0.05600666		0.056731638
0.06236584		0.05647119		0.024496276
0.066461585		0.02295589		0.07600733
0.052029338		0.05668597		0.039685875
0.0761847		0.04515794		0.048925504
0.08059218		0.04549061		0.041352767
0.07119201		0.049983677		0.0391424
0.08075383		0.04068081		0.043712124
0.078430384		0.035669047		0.061136954
0.07271036		0.044180613		0.011450798
0.09616881		0.057148036		0.043932837
0.07020873		0.036855087		0.016296158
0.07349222		0.04492975		0.066506065
0.07313562		0.03720875		0.02376331
0.07562923		0.051015902		0.03411256
0.07559131		0.049014904		0.021545742
0.08281027		0.048937514		0.028912162
0.08078023		0.034982655		0.036065284
0.09207443		0.05800297		0.044031084
0.08234209		0.04419851		0.026301442
0.071500525		0.047531925		0.06661066
0.08958735		0.032800492		0.033356275
0.08238136		0.04641905		0.04639661
0.0729176		0.037758272		0.028801939
0.09382888		0.04696272		0.046224784
0.07920055		0.040413212		0.02629505
0.07482415		0.049120028		0.046632297
0.07012449		0.04748459		0.024145164
0.08191822		0.049988218		0.024002481
0.08016798		0.042244934		0.051335465
0.07285963		0.047595743		0.029089937
0.095831305		0.050352823		0.02126484
0.086480565		0.0428929		0.0362373
0.09952644		0.036944617		0.015852181
0.07389652		0.05435253		0.044322427
0.0805524		0.038954243		0.016247135
0.07176602		0.053954817		0.054346412
0.078638226		0.027367147		0.023464436
0.071609795		0.045712687		0.03912469
0.06932524		0.05283582		0.029344833
0.058234755		0.057004206		0.032141577
0.0906928		0.041161735		0.021116529
0.07931004		0.051344026		0.056626044
0.08130993		0.05382837		0.044153713
0.067519434		0.040231187		0.028987458
0.069880374		0.054427166		0.019335993
0.052758608		0.05281467		0.062100265
0.06490255		0.05767631		0.05449179
0.08149043		0.0645635		0.049373273
0.07905456		0.04620123		0.031367645
0.065190226		0.05280175		0.03430019
0.06579244		0.0346659		0.03126848
0.072912864		0.04419991		0.038927887
0.07733787		0.040308006		0.02123215
0.06377246		0.055697415		0.04442469
0.054618664		0.05374322		0.022001298
0.0719332		0.048466444		0.04904781
0.06953343		0.059787378		0.04439501
0.07691159		0.029761225		0.04340817
0.08062846		0.04471573		0.018763898
0.078370936		0.055485558		0.039123144
0.07819912		0.05333559		0.024048576
0.09936906		0.056468997		0.06628812
0.0801702		0.03806459		0.046101402
0.061420243		0.05677678		0.03444959
0.09178521		0.04797568		0.028642317
0.100655936		0.056607455		0.0437577
0.09767724		0.049340162		0.043617718
0.05544789		0.056623936		0.014545954
0.0728698		0.06519267		0.036964882
0.08333596		0.043387264		0.06866691
0.08498814		0.06662368		0.054279078
0.07627972		0.038285684		0.06112099
0.08934017		0.028718673		0.0181075
0.08238382		0.049171146		0.041344587
0.06669551		0.039827123		0.046359733
0.08827946		0.041911475		0.07355477
0.08772284		0.0470197		0.056193236
0.103760436		0.05117091		0.07104891
0.07226419		0.056865603		0.0142256245
0.09614389		0.053608496		0.048730895
0.061520938		0.046305984		0.04913779
0.08962127		0.046723913		0.048641916
0.082160175		0.037973814		0.031016113
0.07749746		0.042483814		0.041249864
0.06778886		0.05292013		0.009194465
0.085002646		0.056269817		0.05150781
0.07717741		0.052425135		0.01400574
0.07337549		0.05112047		0.05656383
0.066239886		0.051961668		0.029188165
0.09464848		0.06502807		0.056558624
0.07096849		0.04497082		0.016378058
0.101587355		0.0447188		0.045856096
0.079753		0.061510287		0.01670495
0.09865437		0.056120362		0.0387238
0.08673674		0.055591144		0.041425884
0.0850674		0.056674965		0.07149848
0.07564411		0.052728433		0.04652692
0.07146277		0.03259391		0.03601463
0.07795134		0.04997446		0.01639148
0.06923945		0.05589671		0.044231568
0.07406845		0.069360785		0.044508252
0.081984326		0.042911258		0.068612464
0.08790402		0.04899459		0.023653965
0.08589373		0.041226063		0.050997872
0.08723296		0.049368765		0.01869313
0.08070223		0.030266214		0.045803003
0.08221644		0.06087583		0.034146342
0.06896837		0.0393907		0.048781984
0.07801075		0.06281747		0.039270338
0.080191195		0.060198847		0.03163646
0.08007565		0.0575764		0.024052987
0.074268974		0.048572827		0.08142857
0.07372276		0.02483077		0.035738565
0.09005253		0.056505594		0.071393624
0.0777758		0.06347138		0.0467851
0.071700506		0.0327605		0.06351606
0.06484801		0.042404123		0.061416958
0.08103986		0.03882066		0.04351531
0.079702936		0.054674767		-0.016049746
0.0850166		0.053492192		0.026362512
0.08945005		0.046592116		0.028589506
0.06899012		0.045647718		0.05645538
0.087157205		0.039816204		0.030949395
0.0779823		0.064399354		0.05433091
0.067276806		0.054059424		0.074229024
0.07887182		0.04541026		0.053740036
0.083047025		0.050250445		0.043805804
0.06688754		0.049906198		0.0465868
0.080833815		0.034562413		0.028378146
0.06493105		0.047907036		0.049072247
0.08079812		0.035773836		0.0059024305
0.09029512		0.060244065		0.043969605
0.08331258		0.03939499		0.040999994
0.10129748		0.03985728		0.040715627
0.07998145		0.041477382		0.056169596
0.08244883		0.03646544		0.07351263
0.067904115		0.048903573		0.041600473
0.084895745		0.034601912		0.068414986
0.09064952		0.049734984		0.031223845
0.099510096		0.05147233		0.04113666
0.08275898		0.05313779		0.041483577
0.073928595		0.04784634		0.056489423
0.08980098		0.04844151		0.038714737
0.0643915		0.052736957		0.039282158
0.09259535		0.043610264		0.043520775
0.096757405		0.052600723		0.04871944
0.08459284		0.0593433		0.03410241
0.08019629		0.04743418		0.03883821
0.08939938		0.04751184		0.04118523
0.062000364		0.040102288		0.05396297
0.07373262		0.06138764		0.044349473
0.099728234		0.051600337		0.061109208
0.062480725		0.026365817		0.04855272
0.06492228		0.045643423		0.04155347
0.06973035		0.053166162		0.024157329
0.084022224		0.057428457		0.03401387
0.07074139		0.04493422		0.05389674
0.076496996		0.03695911		0.096101716
0.07301387		0.052351456		0.04406652
0.0866001		0.05745777		0.023948235
0.063673295		0.047865774		0.0240766
0.083048455		0.04057125		0.048535835
0.082060255		0.030627387		0.0057505425
0.073524274		0.043340027		0.05380935
0.077929944		0.055430345		0.041569952
0.08752416		0.039083008		0.05094462
0.087279305		0.059415102		0.061533704
0.08274136		0.047520224		0.061268147
0.08937222		0.052290466		0.05128248
0.09138967		0.047544006		0.048610557
0.077070974		0.043118414		0.033723786
0.08929691		0.05781508		0.08145738
0.08773442		0.04850409		-0.0038453424
0.086538866		0.04438666		0.058601324
0.08113918		0.03652429		0.01845601
0.06997901		0.05650145		0.046747133
0.07916111		0.025644911		0.00816881
0.07238252		0.037314218		0.028658843
0.07499409		0.04449401		0.033824597
0.068708755		0.059802227		0.061886314
0.07049618		0.05427812		0.006635799
0.0714048		0.051143743		0.036546107
0.07672691		0.041764632		0.04869089
0.07704222		0.03291153		0.05094308
0.09753659		0.049431078		0.056054946
0.060008015		0.040449914		0.03646846
0.07584309		0.05111587		0.0014528914
0.08995781		0.05079943		0.016210143
0.07831454		0.050169732		0.026415084
0.060904898		0.048887756		0.06670957
0.081168994		0.06229442		0.014171904
0.072767556		0.056330785		0.044160873
0.06566953		0.04545821		0.016450858
0.08928817		0.056585714		0.038850952
0.07076893		0.04479048		0.03384088
0.06207089		0.037911635		0.038807034
0.086782284		0.046513326		0.0010786471
0.07396811		0.05582945		0.066626444
0.09395092		0.04350582		0.015876073
0.07771567		0.05645058		0.03655468
0.082474925		0.060368374		0.04658147
0.06908011		0.05683221		0.064216405
0.06974192		0.047185414		0.0689164
0.07641166		0.04116223		0.04109939
0.0718473		0.03653759		0.046065204
0.07847906		0.04841739		0.041284956
0.097286604		0.038629003		0.065694235
0.10082172		0.03931659		0.048168223
0.08608289		0.04398986		0.041077316
0.0950369		0.041446026		0.05087074
0.07344402		0.05297423		0.039079323
0.07373139		0.05049984		0.041498315
0.07573064		0.062378492		0.02177719
0.09012338		0.052048303		0.048738196
0.06472252		0.049126677		0.051606413
0.09445136		0.061296817		0.03138985
0.06825072		0.045490988		-0.0011116811
0.10323186		0.05188665		0.028469622
0.08649714		0.03782434		0.028383609
0.09355678		0.05070403		0.06366915
0.08802203		0.037985362		0.023383899
0.06548157		0.0573715		0.06436357
0.07658069		0.061020877		0.014212592
0.08467156		0.04756071		0.071220435
0.08847258		0.034952924		0.03326764
0.074043304		0.0626271		0.02931725
0.09242843		0.048983235		0.01107461
0.096754394		0.06392302		0.03394671
0.094075106		0.051633574		0.033633284
0.07153579		0.050113373		0.06901051
0.061923362		0.035969097		0.011220598
0.09312006		0.03970945		0.068333276
0.073679164		0.03643598		0.02606547
0.067196995		0.02499922		0.04087449
0.07663417		0.037221026		0.04607774
0.058796458		0.03692191		0.06389773
0.06836142		0.038094383		0.048754595
0.07828669		0.051509812		0.073974416
0.091689005		0.04785074		0.043602895
0.06670813		0.046911024		0.06402796
0.07147606		0.04319819		0.043816287
0.07167234		0.068374686		0.0520315
0.07464148		0.038505115		0.043598294
0.08185165		0.034219988		0.05086541
0.07875015		0.053638127		0.026465187
0.090421915		0.06682441		0.03912607
0.097445525		0.03617606		0.050643716
0.0853689		0.04522123		0.058637124
0.061476953		0.039915238		0.0063778954
0.0759484		0.05362691		0.026530435
0.08741447		0.04920378		0.021193812
0.089610524		0.053245302		0.03628421
0.082342446		0.028370338		0.020711593
0.07995185		0.05082407		0.048931338
0.084732816		0.047746398		0.066267595
0.06869359		0.0290018		0.07103077
0.08069307		0.054976024		-0.0134997275
0.07991913		0.036304824		0.06604397
0.087645166		0.047583904		0.0036894889
0.07657661		0.034981336		0.041072555
0.06750421		0.051214658		0.046701226
0.08122716		0.040743895		0.018634215
0.070251636		0.031024115		0.04859233
0.08626324		0.06328117		0.059227873
0.08984045		0.043821584		0.0035685098
0.07192501		0.031245422		0.043580703
0.078204766		0.044267703		0.00881627
0.07418869		0.0522329		0.051653862
0.08517208		0.059711132		0.02664827
0.076077685		0.054225717		0.039150592
0.07121716		0.03882573		0.011275148
0.08096985		0.049807474		0.04394762
0.08329966		0.04525952		0.0387664
0.08134067		0.046970528		0.058861792
0.07803736		0.037037663		0.008612469
0.08539209		0.02774017		0.03325888
0.08226136		0.053725757		0.021560768
0.06887111		0.052086942		0.0592685
0.08928512		0.052642237		0.033896048
0.06868457		0.048948996		0.05916965
0.07058468		0.047477115		0.024066076
0.08211872		0.058455147		0.036678433
0.07256929		0.042321485		0.023884485
0.082250275		0.04844239		0.058917105
0.09535525		0.028722955		0.028117552
0.071990214		0.064087965		0.07208622
0.060122307		0.048994724		0.019302368
0.070324644		0.04384959		0.041480727
0.07949523		0.053507052		0.034085993
0.08241059		0.0359891		0.07106954
0.0768421		0.04131889		0.043809913
0.07238975		0.051919106		0.06670459
0.08060021		0.048785184		0.008920622
0.08290074		0.04593417		0.023822146
0.07117455		0.039436046		0.011331843
0.076861985		0.033817224		0.06111788
0.08308883		0.039800923		0.028663252
0.08570266		0.036786634		0.05856772
0.07114938		0.03318554		0.02870729
0.07383536		0.039816752		0.05138229
0.08234691		0.036648087		0.016128052
0.0598672		0.049118895		0.059403073
0.06947392		0.042702626		0.04403003
0.07205254		0.044935003		0.05155461
0.06994129		0.038153905		0.05139923
0.06581023		0.042957194		0.054093733
0.061124023		0.055729896		0.019503694
0.074282885		0.04962419		0.07161793
0.071228325		0.042342935		0.008909302
0.074375845		0.05752401		0.04680769
0.08350914		0.044514995		0.02125298
0.07059775		0.03650442		0.066293105
0.061373375		0.04220585		0.04159542
0.0823548		0.04787857		0.026368182
0.080167204		0.032061465		0.025971256
0.08966643		0.04342044		0.05364766
0.07505748		0.06475906		0.029488211
0.0732807		0.059464205		0.039363664
0.07796992		0.066272095		0.029439766
0.09494048		0.055610538		0.06635619
0.0754564		0.047229055		0.02143611
0.08745362		0.051190138		0.046350382
0.08669016		0.05852816		0.021551866
0.0755257		0.05957851		0.046790373
0.08668758		0.039773613		0.010996077
0.085198626		0.03131649		0.070849515
0.08174191		0.039714046		0.03113214
0.0634883		0.07066873		0.06235014
0.075785086		0.051626716		0.06406464
0.070854545		0.052155226		0.036635894
0.084617496		0.05909811		0.029069223
0.07349525		0.037345044		0.046163365
0.07315459		0.04064397		0.023754055
0.096515164		0.03347655		0.048169594
0.07517793		0.05180503		0.049080588
0.070598595		0.022614269		0.030823888
0.08108798		0.05643607		-9.069556E-4
0.075606145		0.046854895		0.07647039
0.07485546		0.043709826		0.026355142
0.07542293		0.045410823		0.051411126
0.0778807		0.038764082		0.048677612
0.08246476		0.059179075		0.064184576
0.06424185		0.04987147		0.0542192
0.06630919		0.05559967		0.01680727
0.085154355		0.044307277		0.013638874
0.07881668		0.069863		0.07201826
0.08015231		0.05063378		0.003877271
0.08128254		0.04412996		0.06622401
0.07158356		0.060560815		0.04684308
0.08831081		0.04134985		0.06349604
0.09344827		0.05246494		-0.0013097923
0.08459091		0.032521214		0.040823333
0.077209234		0.037447292		0.041117195
0.06167916		0.03930972		0.06647109
0.08438017		0.048082918		0.026289705
0.0616436		0.0562655		0.049437046
0.06624262		0.057238065		0.01433293
0.072248586		0.039789476		0.05874992
0.0854629		0.05234842		0.028845003
0.074162275		0.051577225		0.044037282
0.069576435		0.038509373		0.023734337
0.07450811		0.054658663		0.034102947
0.08364985		0.052914225		0.013865497
0.10241971		0.047358114		0.050917763
0.09017759		0.05620826		0.04889246
0.08317173		0.06449069		0.05673881
0.084444456		0.056550205		-0.0010556378
0.066436075		0.039459355		0.02380103
0.09437743		0.032942705		0.033132084
0.07356172		0.047931526		0.07148196
0.09366729		0.057752512		0.048888963
0.072245196		0.04628681		0.026427269
0.09020816		0.031101622		0.0031645047
0.07216783		0.038965788		0.053764112
0.07589799		0.056614082		0.006664224
0.07909271		0.055250447		0.044088423
0.070030324		0.041496303		0.03884746
0.07699366		0.03495263		0.038546704
0.078938805		0.042709485		0.023735994
0.07666469		0.0702862		0.029551545
0.066143885		0.0486552		0.044115502
0.05551651		0.039184943		0.056530554
0.06762695		0.049182188		0.051593453
0.08894845		0.049106248		0.06370654
0.07869738		0.04787425		0.021332314
0.074460916		0.042642295		0.043780968
0.072218865		0.049438633		0.0490198
0.0682041		0.037639756		0.058753442
0.077249676		0.016246682		0.027979588
0.09556485		0.053077456		0.058741856
0.08546438		0.050931036		0.036349915
0.069662556		0.047691386		0.05655011
0.07819728		0.0468174		0.0113391
0.07629645		0.050548602		0.041505948
0.08762756		0.021528339		0.022990635
0.08073569		0.050531175		0.068986416
0.07550932		0.042382874		0.028811803
0.08085082		0.04377089		0.06879672
0.084376216		0.056337092		0.029055877
0.07954451		0.05793426		0.036694106
0.06835184		0.05030965		0.04166678
0.07360426		0.04754251		0.056491222
0.084944494		0.04795505		0.046300493
0.08489729		0.05200567		0.058921568
0.07529865		0.0523		0.036574908
0.0732914		0.045275178		0.036401678
0.06414832		0.048150644		0.021633044
0.09470514		0.05259152		0.04122239
0.09634973		0.061325274		0.043951407
0.10297116		0.055504132		0.06368711
0.06719872		0.042081434		0.023917528
0.07674073		0.053272456		0.039071172
0.08081205		0.03355454		0.003411771
0.062290825		0.04014943		0.018960329
0.07858393		0.04711091		0.026380813
0.06911618		0.04245946		0.023920512
0.089881495		0.055876683		0.036438406
0.05973866		0.06646025		0.037257485
0.07233815		0.047743097		0.041477714
0.09110876		0.049541105		0.061209653
0.07176854		0.049972992		0.029036963
0.08814562		0.042895947		0.036051925
0.089939594		0.054140568		0.036346145
0.07660984		0.036579553		0.07110922
0.08524382		0.046597116		0.048732027
0.077867806		0.049230836		0.03392334
0.06891903		0.044636056		0.033944957
0.08319158		0.05340479		0.05145782
0.080668755		0.04663232		0.038790576
0.07602902		0.044506226		0.03130052
0.062248304		0.049544938		0.019179683
0.07960752		0.041905317		0.056169737
0.07037901		0.051337805		0.051605377
0.07725445		0.05443925		0.03154183
0.072360896		0.062021513		0.0018054504
0.076148294		0.048481934		0.0613831
0.09633351		0.03145419		0.023018194
0.086842336		0.058410477		0.051498055
0.072625466		0.033869244		0.018521441
0.08731206		0.03995405		0.06597894
0.065783426		0.041210424		0.023872297
0.075634815		0.04114246		0.041205417
0.080527246		0.041118868		0.04862602
0.0777698		0.046284568		0.033811826
0.06352055		0.042563863		0.0039367112
0.06724852		0.052674226		0.059190825
0.05389892		0.050438467		0.049346007
0.093721345		0.050779056		0.051127978
0.06823631		0.05221509		0.061627127
0.07522985		0.05035788		0.043924738
0.092874356		0.040181782		0.005794802
0.09744151		0.052773356		0.046125308
0.078383856		0.030153863		0.023316015
0.07160388		0.05935212		0.054291543
0.06710566		0.039244086		0.028769033
0.07870376		0.03776723		0.018523132
0.06299385		0.04645022		0.041571535
0.07707772		0.04236947		0.036195777
0.06790576		0.058095843		0.04180595
0.07786527		0.039279815		0.05358454
0.092447154		0.059777215		-0.006121903
0.068240866		0.06380505		0.06446411
0.09145108		0.04597671		0.04351087
0.073143676		0.040739123		0.061207496
0.09360219		0.033037763		0.035615135
0.07494784		0.044029202		0.05879829
0.06985364		0.061022323		0.029341025
0.09118036		0.046799198		0.038549602
0.07903916		0.044997		0.016204285
0.082323596		0.050328143		0.07133919
0.07476203		0.053417545		0.03652727
0.07973535		0.057409238		0.04654771
0.0910631		0.043705467		0.03594058
0.07732404		0.043208547		0.051196583
0.08166649		0.035208635		0.023375057
0.08385004		0.05815617		0.036503136
0.09490834		0.053630576		0.018659297
0.08559847		0.061589476		0.044074424
0.09263118		0.038226202		0.048288
0.07381636		0.033542577		0.053507864
0.08030976		0.030359372		0.025805678
0.08961256		0.048250917		0.056179516
0.08394415		0.042615034		0.008591697
0.07274086		0.05542067		0.036674254
0.07976379		0.068986945		0.036921225
0.08929235		0.06342747		0.04908945
0.093552716		0.038354907		0.028271561
0.07239741		0.06110665		0.029299073
0.09104602		0.054102205		0.028756611
0.07335043		0.043534722		0.06379247
0.05896008		0.034113456		0.0037307653
0.06923385		0.050010297		0.039032865
0.08331696		0.04593745		0.031149315
0.060738746		0.04101435		0.04392839
0.10001783		0.053482562		0.036070317
0.09103786		0.04296468		0.06846482
0.07147685		0.053104397		0.03157941
0.074063994		0.037400305		0.021079246
0.08363636		0.03722476		0.043431833
0.06247127		0.05134759		0.029196886
0.0838433		0.044277675		0.04362577
0.079082765		0.060129806		0.04916838
0.079158805		0.05767336		0.04157422
0.07511274		0.049882066		0.058922
0.08188027		0.059510615		0.0415533
0.09581081		0.04505927		0.053394
0.07762849		0.07196152		-0.015556707
0.0949056		0.04942503		0.031007772
0.08968204		0.053865395		0.028734183
0.07132385		0.058060266		0.034181923
0.06940199		0.051498808		0.02401227
0.09064429		0.05107122		0.043628078
0.041407626		0.047576435		-0.018154671


******************************POSITIONS******************************

0.0		0.0		0.0
4.8363268E-6		3.247458E-6		3.9369374E-6
1.4944623E-5		9.904699E-6		1.1006814E-5
3.0021678E-5		2.0012341E-5		1.961425E-5
5.0687522E-5		3.2662683E-5		3.0522428E-5
7.7043995E-5		4.8172205E-5		4.325925E-5
1.0895987E-4		6.7336245E-5		6.025188E-5
1.4492492E-4		9.0045425E-5		7.912118E-5
1.853414E-4		1.1607991E-4		1.0241438E-4
2.3063373E-4		1.4580942E-4		1.274114E-4
2.8128232E-4		1.777366E-4		1.5470052E-4
3.3740152E-4		2.1249993E-4		1.8349857E-4
3.9883904E-4		2.5011942E-4		2.136491E-4
4.65596E-4		2.9045317E-4		2.4530856E-4
5.3769903E-4		3.3289834E-4		2.7958062E-4
6.1438663E-4		3.7822808E-4		3.158608E-4
6.958406E-4		4.2729388E-4		3.5529063E-4
7.8235735E-4		4.795329E-4		3.9656644E-4
8.7466807E-4		5.348177E-4		4.3919156E-4
9.729176E-4		5.9282617E-4		4.8395502E-4
0.0010750993		6.53596E-4		5.3409615E-4
0.0011823802		7.168231E-4		5.8654306E-4
0.0012950719		7.8251E-4		6.422521E-4
0.0014121187		8.5183466E-4		7.0111576E-4
0.0015351735		9.2377234E-4		7.6307467E-4
0.001663291		9.990946E-4		8.2656706E-4
0.0017964959		0.0010774885		8.922235E-4
0.0019350867		0.00115812		9.592151E-4
0.0020792435		0.0012409451		0.0010299399
0.0022284815		0.0013258826		0.0011029643
0.00238247		0.0014138694		0.0011775217
0.0025408105		0.0015052696		0.0012558703
0.002703952		0.0016003823		0.0013373698
0.0028729124		0.0016987798		0.0014208676
0.003048003		0.0018002299		0.0015085943
0.003228421		0.0019053392		0.0015989799
0.003413282		0.0020142107		0.0016922031
0.003603493		0.0021251007		0.0017875567
0.0037986164		0.0022391656		0.001886363
0.004000419		0.0023569723		0.001989247
0.00420698		0.0024768512		0.0020966767
0.004417969		0.0025996442		0.00220628
0.004634295		0.0027257763		0.0023190137
0.004855977		0.002855066		0.0024356719
0.005082278		0.002986777		0.0025560872
0.0053133303		0.0031208561		0.0026784947
0.005548746		0.0032587042		0.0028058237
0.005789111		0.0034007975		0.0029361537
0.006035344		0.003545774		0.0030699086
0.0062857876		0.0036942519		0.0032058547
0.0065415576		0.0038453003		0.0033463477
0.006802897		0.0039987126		0.0034892962
0.007068732		0.004155399		0.003633946
0.0073403013		0.004314875		0.0037825024
0.0076174107		0.0044781803		0.003934198
0.007898887		0.0046439865		0.004088536
0.008185903		0.0048130783		0.004245037
0.00847816		0.0049851546		0.0044038584
0.008774966		0.0051600225		0.004566769
0.009075981		0.0053385184		0.004730595
0.009382176		0.0055205617		0.0048978766
0.009692522		0.0057068905		0.0050678523
0.010008285		0.0058968384		0.0052427207
0.010329694		0.0060896105		0.005418932
0.010656179		0.0062857494		0.0055981134
0.010988626		0.006484975		0.00577992
0.011326135		0.006686814		0.005965157
0.0116679445		0.0068920315		0.006152738
0.012016605		0.007099578		0.0063440283
0.01237098		0.0073106564		0.006537644
0.012730932		0.007524025		0.006734833
0.013095674		0.007740743		0.0069345194
0.013465524		0.007961945		0.007137689
0.013841349		0.0081869		0.0073427027
0.014221006		0.008413288		0.007552417
0.014606074		0.008643146		0.0077644587
0.014996246		0.0088767335		0.007979001
0.015391661		0.009113183		0.008195056
0.015793491		0.009352748		0.008414372
0.016200045		0.009596148		0.00863604
0.016610803		0.00984256		0.0088619655
0.017028078		0.010091811		0.009088901
0.017449792		0.010344987		0.009318674
0.017876403		0.010602063		0.009550956
0.01830735		0.010861674		0.009786036
0.018743804		0.011123418		0.010023403
0.019184573		0.01138874		0.010263761
0.019630536		0.011657087		0.010505795
0.02008137		0.01192818		0.010748544
0.020537391		0.012202233		0.010994569
0.020999173		0.012478662		0.011243847
0.021465812		0.012757749		0.011496882
0.021937001		0.013039816		0.011753048
0.022413028		0.013325049		0.012011062
0.02289305		0.013612672		0.012272041
0.023379272		0.013903777		0.012535013
0.023869677		0.014197791		0.012802881
0.024364667		0.014494989		0.0130718015
0.024865324		0.0147944605		0.013343491
0.025371457		0.015096973		0.013617334
0.025883516		0.015402195		0.013894595
0.026400857		0.015710032		0.0141735235
0.026923627		0.016021617		0.0144555895
0.027450476		0.016337669		0.0147397155
0.027981631		0.016656661		0.015026813
0.02851769		0.016977763		0.015316047
0.029058533		0.017301248		0.01560903
0.029604713		0.017627342		0.015903996
0.03015567		0.017956138		0.01620304
0.030711388		0.018288117		0.016505057
0.031272065		0.018621929		0.016811285
0.03183766		0.018958673		0.017120477
0.032407798		0.019297695		0.01743502
0.032983452		0.019639403		0.017752027
0.03356433		0.019984946		0.01807266
0.034150966		0.020333389		0.018393677
0.0347428		0.020685546		0.018717514
0.035339065		0.021041332		0.01904146
0.035940737		0.021400947		0.019368544
0.03654647		0.02176427		0.019697025
0.03715618		0.022130402		0.020027516
0.03776998		0.022499913		0.020356832
0.03838917		0.022872394		0.020689417
0.039013453		0.023247825		0.02102576
0.0396434		0.023625672		0.021364871
0.040278528		0.024005974		0.021706127
0.040918272		0.024389287		0.02205083
0.041562352		0.024775602		0.022399304
0.042211343		0.025166105		0.022750938
0.04286535		0.025561254		0.023103654
0.043523893		0.02595958		0.023460943
0.04418697		0.026360994		0.023821201
0.044855606		0.026766261		0.024183627
0.045529358		0.027175497		0.024548074
0.04620884		0.027587345		0.024915291
0.046894018		0.028002854		0.02528467
0.047585055		0.028421644		0.025658116
0.04828129		0.028843638		0.026032439
0.048982188		0.029268304		0.026410835
0.049688023		0.029695854		0.026791705
0.050398916		0.030127056		0.027173946
0.051115513		0.030560656		0.027560234
0.051837612		0.030997		0.027949302
0.052562516		0.03143672		0.028339136
0.05329271		0.03187916		0.028732873
0.054029156		0.032325007		0.029128116
0.054770377		0.032773178		0.02952582
0.05551666		0.03322372		0.029925663
0.05626919		0.03367751		0.030328609
0.05702689		0.03413544		0.030733904
0.057789218		0.034596268		0.03114264
0.058556765		0.035059907		0.031553686
0.059329446		0.03552581		0.031970866
0.06010761		0.035994705		0.03239004
0.06089171		0.036467247		0.032813612
0.06168164		0.03694367		0.033237755
0.062476136		0.037423972		0.03366569
0.06327666		0.037907317		0.034095764
0.064081885		0.038393915		0.03452977
0.0648922		0.038884733		0.034964528
0.065707356		0.039377358		0.035401087
0.06652778		0.03987213		0.035839617
0.06735348		0.04036861		0.036281068
0.06818486		0.040868063		0.036723703
0.06902144		0.041370887		0.037168186
0.0698628		0.041877642		0.0376147
0.07070939		0.04238783		0.03806418
0.071560815		0.04290083		0.038517263
0.07241644		0.043416873		0.038971715
0.07327732		0.04393684		0.039427545
0.07414375		0.0444614		0.039885893
0.07501631		0.04498905		0.040346216
0.07589456		0.045520328		0.04080966
0.076777294		0.046052314		0.04127521
0.07766498		0.04658592		0.04174432
0.07855657		0.047121517		0.042216063
0.07945311		0.04766017		0.04269093
0.0803549		0.048201		0.04316889
0.08126312		0.048744883		0.043651395
0.082175925		0.04929229		0.0441364
0.0830928		0.04984156		0.044625316
0.084013864		0.05039482		0.045117237
0.08493976		0.05095029		0.04561194
0.085870884		0.051508076		0.046107505
0.08680794		0.052069213		0.046604425
0.0877503		0.052633554		0.047102228
0.088698566		0.05320051		0.047601048
0.089651965		0.053770497		0.048101872
0.09061085		0.054343283		0.04860757
0.091574386		0.054918706		0.04911367
0.092543215		0.05549861		0.049622774
0.09351795		0.056080468		0.050135117
0.094496645		0.0566656		0.050650615
0.09548104		0.057254266		0.05116588
0.09647		0.05784576		0.05168411
0.0974647		0.058441404		0.05220533
0.09846429		0.05903907		0.05273029
0.09946825		0.05963886		0.053256597
0.10047719		0.060242396		0.053784933
0.10149125		0.0608502		0.054315947
0.102510326		0.06146101		0.054851208
0.10353351		0.062074743		0.055388488
0.104562014		0.06269096		0.05592855
0.10559552		0.063310675		0.05647175
0.106634475		0.06393402		0.057017922
0.10767934		0.06455981		0.05756735
0.108729385		0.06518857		0.0581223
0.10978529		0.06581969		0.05867938
0.11084643		0.066453025		0.05923844
0.11191365		0.06708939		0.059798207
0.112985626		0.067729704		0.06036097
0.11406194		0.06837341		0.060925763
0.115142226		0.0690197		0.06149481
0.116227254		0.06966877		0.062066976
0.11731641		0.070319936		0.0626413
0.11841047		0.07097411		0.063218586
0.119509466		0.071630806		0.06380011
0.120612785		0.07229037		0.06438397
0.12172206		0.07295268		0.06497076
0.12283727		0.07361871		0.065561645
0.12395738		0.07428654		0.06615595
0.12508246		0.074956894		0.06675064
0.1262126		0.075630285		0.06734878
0.12734772		0.07630704		0.06794893
0.12848787		0.07698685		0.06855125
0.12963276		0.077669404		0.069155894
0.13078178		0.07835458		0.069762714
0.13193545		0.079041764		0.07037311
0.13309403		0.07973191		0.070985675
0.13425735		0.08042558		0.071600914
0.13542618		0.0811225		0.07221815
0.13659976		0.08182249		0.0728374
0.13777897		0.08252558		0.07345784
0.13896304		0.08323216		0.07408111
0.14015242		0.08394092		0.07470571
0.1413481		0.0846525		0.075332135
0.14254826		0.08536761		0.07595996
0.14375237		0.08608573		0.07659092
0.14496121		0.08680689		0.07722454
0.14617582		0.08753195		0.07786146
0.14739636		0.08826055		0.07850262
0.14862125		0.088992454		0.0791442
0.14985132		0.08972703		0.0797881
0.15108594		0.090464465		0.08043369
0.15232575		0.09120488		0.08108191
0.15357053		0.09194921		0.08173137
0.15482108		0.09269679		0.08238347
0.15607557		0.093447655		0.08303632
0.15733418		0.094202235		0.0836904
0.15859683		0.09495979		0.08434538
0.15986419		0.0957207		0.0850043
0.16113853		0.09648475		0.08566455
0.16241956		0.09725082		0.08632834
0.16370615		0.09801923		0.08699524
0.16499737		0.09879056		0.08766462
0.16629264		0.09956446		0.088334575
0.16759318		0.10034135		0.089006685
0.16889854		0.101120524		0.08968031
0.17020915		0.10190298		0.09035722
0.1715252		0.10268987		0.091037616
0.17284669		0.103480235		0.091722265
0.17417343		0.10427371		0.09240859
0.17550498		0.10507051		0.09309806
0.17684156		0.10587078		0.093790986
0.17818151		0.10667394		0.09448674
0.17952564		0.10748035		0.095184036
0.18087369		0.10828983		0.095884
0.18222699		0.10910245		0.0965858
0.18358542		0.109918416		0.09729153
0.18494898		0.110737294		0.09800118
0.18631728		0.111559734		0.09871637
0.18769053		0.1123848		0.09943371
0.18906893		0.113212295		0.100155756
0.19045231		0.114042394		0.1008814
0.19184047		0.11487572		0.101610005
0.19323419		0.11571185		0.10234124
0.19463329		0.11655134		0.103076406
0.19603704		0.11739449		0.10381472
0.19744521		0.11824097		0.104557455
0.19885793		0.11909022		0.10530299
0.20027506		0.11994332		0.10605088
0.20169751		0.12080012		0.10680046
0.20312515		0.12166055		0.1075535
0.20455869		0.12252453		0.10830757
0.20599797		0.123391844		0.10906444
0.20744315		0.124262355		0.10982329
0.2088939		0.12513593		0.11058381
0.21035002		0.12601228		0.111345835
0.21181156		0.12689166		0.112111144
0.21327624		0.12777425		0.11287816
0.21474601		0.12865925		0.11364492
0.21622162		0.12954696		0.114412695
0.21770275		0.13043688		0.1151826
0.2191873		0.13133025		0.11595343
0.22067666		0.13222648		0.11672577
0.22217163		0.13312592		0.11750252
0.22367162		0.13402866		0.11828479
0.2251766		0.1349346		0.119070515
0.22668701		0.13584393		0.11985904
0.22820286		0.13675691		0.120651014
0.22972414		0.13767204		0.1214464
0.23125073		0.13859133		0.12224221
0.23278156		0.13951379		0.12304196
0.23431705		0.14043774		0.123842716
0.23585707		0.1413651		0.12464645
0.23740277		0.14229476		0.12545086
0.23895474		0.1432277		0.12625857
0.24051175		0.14416386		0.12706906
0.2420747		0.14510156		0.12788232
0.24364237		0.14604181		0.12869884
0.24521537		0.14698537		0.12951897
0.24679324		0.14793198		0.13034111
0.2483761		0.14888191		0.1311656
0.24996342		0.14983445		0.13199224
0.25155517		0.1507893		0.13282166
0.2531528		0.15174636		0.13365436
0.254755		0.15270586		0.13449161
0.25636223		0.15366898		0.1353304
0.25797495		0.15463549		0.13617231
0.259593		0.15560542		0.13701642
0.26121533		0.156578		0.137863
0.26284254		0.15755346		0.13870998
0.26447433		0.15853225		0.13955899
0.2661116		0.15951313		0.14041062
0.267755		0.16049612		0.14126581
0.26940382		0.1614826		0.14212285
0.27105686		0.16247226		0.14298208
0.27271464		0.1634657		0.14384352
0.27437764		0.16446087		0.1447069
0.27604532		0.1654593		0.1455712
0.27771777		0.1664615		0.14643994
0.27939573		0.16746648		0.14730987
0.28107858		0.1684745		0.1481834
0.2827656		0.1694862		0.149059
0.284457		0.1705009		0.14993836
0.2861532		0.17151886		0.15081894
0.28785542		0.17254032		0.15170233
0.28956336		0.17356482		0.1525885
0.29127738		0.17459235		0.153477
0.29299718		0.17562273		0.1543689
0.29472154		0.17665598		0.15526348
0.2964512		0.17769253		0.15615991
0.29818678		0.17873181		0.15705848
0.29992768		0.17977355		0.15795808
0.30167323		0.18081743		0.15885967
0.30342385		0.18186535		0.15976378
0.30518046		0.18291661		0.16066974
0.30694267		0.18397099		0.16157866
0.30870956		0.18502739		0.1624926
0.31048107		0.18608756		0.16340812
0.31225768		0.1871501		0.16432755
0.31403878		0.18821608		0.16525044
0.3158248		0.18928581		0.16617522
0.3176146		0.19035873		0.16710058
0.31940997		0.19143535		0.16802908
0.32121113		0.19251561		0.16895737
0.32301682		0.19359952		0.1698888
0.32482648		0.1946862		0.17082272
0.32664192		0.19577582		0.17175993
0.32846212		0.19686916		0.17269772
0.33028662		0.19796596		0.17363933
0.33211717		0.19906642		0.17458372
0.33395287		0.2001704		0.17553285
0.33579206		0.20127824		0.17648421
0.33763602		0.20238923		0.17743774
0.33948663		0.20350307		0.17839307
0.3413428		0.20462035		0.17934977
0.34320325		0.20574068		0.18031073
0.34506956		0.20686388		0.18127528
0.34694183		0.20798877		0.18224066
0.34881875		0.20911655		0.18321061
0.35070127		0.21024661		0.18418142
0.35258925		0.21137929		0.18515262
0.35448205		0.2125155		0.18612728
0.35638076		0.21365425		0.18710473
0.35828486		0.21479572		0.18808322
0.3601933		0.21594037		0.18906324
0.36210644		0.21708833		0.19004513
0.36402357		0.21823885		0.19102904
0.36594522		0.21939217		0.19201304
0.36787078		0.22054856		0.1929989
0.36980262		0.22170827		0.19398853
0.37173936		0.22287095		0.1949784
0.37368143		0.22403608		0.1959717
0.37562683		0.22520396		0.19696832
0.37757632		0.22637525		0.19796632
0.37953237		0.22754957		0.19896536
0.3814936		0.22872616		0.19996478
0.3834599		0.2299056		0.20096588
0.3854311		0.23108801		0.2019698
0.38740832		0.23227443		0.20297702
0.3893901		0.23346296		0.20398511
0.39137578		0.2346543		0.20499684
0.39336675		0.23584808		0.2060115
0.39536238		0.23704588		0.20702998
0.39736354		0.23824702		0.20805031
0.3993689		0.23945215		0.20907333
0.40137967		0.24065983		0.21009754
0.4033954		0.24187079		0.21112376
0.40541595		0.24308555		0.21215346
0.4074408		0.24430461		0.2131881
0.40947098		0.24552706		0.21422331
0.41150603		0.24675208		0.21526164
0.4135463		0.24797957		0.21630259
0.4155919		0.24921033		0.2173481
0.4176434		0.25044358		0.2183956
0.41970044		0.25168005		0.21944638
0.42176175		0.2529185		0.22049947
0.42382765		0.25415942		0.22155729
0.42589957		0.2554033		0.22261693
0.42797658		0.25664997		0.22368002
0.4300582		0.25789878		0.2247435
0.43214527		0.25914937		0.22581021
0.43423578		0.26040286		0.22687899
0.43633154		0.2616601		0.22795106
0.43843168		0.26292038		0.22902468
0.44053575		0.2641841		0.23010097
0.4426457		0.26545054		0.23117845
0.44476137		0.2667201		0.23226033
0.44688153		0.2679935		0.23334458
0.44900635		0.26927057		0.2344315
0.4511357		0.27055013		0.23552075
0.453269		0.27183262		0.23661314
0.45540762		0.27311867		0.23770739
0.45755082		0.2744082		0.2388059
0.4596999		0.2757013		0.2399074
0.4618542		0.27699715		0.24101312
0.464015		0.27829736		0.24212007
0.46618178		0.2796007		0.24322933
0.46835417		0.28090817		0.24433966
0.4705332		0.28221834		0.2454545
0.4727182		0.28353125		0.24657199
0.4749082		0.28484684		0.24769323
0.4771035		0.28616604		0.24881649
0.4793043		0.28748825		0.24994224
0.48150986		0.288814		0.2510697
0.48372036		0.29014418		0.2522011
0.485935		0.29147655		0.25333372
0.48815405		0.29281121		0.2544701
0.49037763		0.29414716		0.25560653
0.4926062		0.29548493		0.25674686
0.4948407		0.2968261		0.25788948
0.49708074		0.29817027		0.2590346
0.4993258		0.2995178		0.26018143
0.50157565		0.30086827		0.26132995
0.5038304		0.30222148		0.2624811
0.5060893		0.3035774		0.26363555
0.5083531		0.30493623		0.26479235
0.5106218		0.306298		0.2659513
0.5128949		0.30766198		0.26711255
0.51517373		0.30902895		0.26827648
0.5174578		0.31039834		0.2694422
0.5197468		0.31176987		0.27060995
0.5220411		0.31314474		0.2717808
0.5243404		0.31452227		0.27295575
0.52664405		0.31590274		0.27413303
0.5289524		0.31728667		0.27531248
0.53126645		0.31867385		0.27649206
0.5335868		0.320064		0.2776755
0.5359132		0.32145673		0.27886096
0.5382442		0.3228505		0.28005064
0.54058045		0.32424763		0.28124294
0.5429217		0.3256483		0.2824389
0.545267		0.32705262		0.28363642
0.54761654		0.3284584		0.2848388
0.5499694		0.3298678		0.2860437
0.55232716		0.3312801		0.28725177
0.55469006		0.3326953		0.28846246
0.5570575		0.33411372		0.28967565
0.5594301		0.33553472		0.29089165
0.56180775		0.33695802		0.29211158
0.5641901		0.33838415		0.29333222
0.5665785		0.33981392		0.29455566
0.56897146		0.34124604		0.29578018
0.5713691		0.34268105		0.29700893
0.5737715		0.34411845		0.2982392
0.5761786		0.34555912		0.29947168
0.57859063		0.34700292		0.30070552
0.58100796		0.34844983		0.3019412
0.5834304		0.349899		0.3031792
0.5858588		0.3513519		0.30442002
0.5882924		0.35280758		0.3056625
0.59073067		0.35426635		0.30690926
0.59317464		0.3557272		0.30815816
0.59562385		0.357191		0.30941004
0.5980777		0.35865724		0.31066376
0.6005376		0.3601265		0.31192043
0.6030026		0.3615983		0.31317878
0.6054723		0.3630733		0.3144401
0.6079466		0.3645513		0.31570297
0.61042607		0.3660325		0.3169674
0.6129107		0.36751643		0.3182351
0.61539996		0.3690034		0.31950468
0.61789536		0.37049356		0.3207756
0.6203963		0.37198648		0.32204884
0.62290365		0.37348178		0.3233231
0.6254157		0.37498054		0.3246002
0.62793285		0.3764818		0.32587832
0.63045466		0.37798652		0.32715994
0.6329815		0.379493		0.32844305
0.6355129		0.3810024		0.3297287
0.63804877		0.38251516		0.33101618
0.64058834		0.3840316		0.33230573
0.6431337		0.38555065		0.33359665
0.6456841		0.38707298		0.33489117
0.6482398		0.38859877		0.33618852
0.65079975		0.39012715		0.33748773
0.65336424		0.391659		0.33878818
0.65593207		0.39319423		0.3400926
0.658504		0.39473313		0.34140053
0.66108125		0.39627618		0.3427116
0.6636635		0.3978222		0.34402466
0.66624993		0.39937156		0.34533995
0.6688405		0.4009232		0.34665722
0.67143583		0.40247762		0.34797698
0.6740361		0.4040346		0.34929812
0.67664045		0.4055952		0.3506221
0.6792483		0.40715924		0.35194746
0.68186074		0.40872633		0.35327595
0.6844776		0.4102973		0.3546073
0.6870994		0.41187015		0.35594147
0.68972635		0.41344586		0.3572768
0.6923584		0.41502512		0.35861462
0.69499534		0.4166078		0.359954
0.6976387		0.4181941		0.36129764
0.70028716		0.41978282		0.3626442
0.70293957		0.4213752		0.363993
0.7055979		0.4229706		0.3653436
0.7082626		0.42456967		0.366697
0.71093357		0.42617187		0.3680532
0.7136081		0.4277777		0.36941034
0.7162873		0.42938772		0.37076983
0.7189718		0.4310005		0.37213373
0.72166175		0.43261755		0.3735011
0.7243566		0.43423706		0.37487236
0.72705716		0.4358584		0.3762448
0.72976303		0.43748286		0.3776199
0.73247313		0.4391099		0.37899795
0.7351889		0.44073963		0.3803807
0.7379102		0.44237235		0.38176706
0.74063826		0.44400835		0.38315794
0.7433709		0.44564798		0.38454977
0.74610966		0.44729105		0.3859447
0.7488524		0.4489371		0.38734278
0.75160086		0.4505861		0.38874397
0.7543546		0.45223758		0.39014712
0.7571132		0.45389175		0.39155295
0.75987625		0.4555493		0.39295936
0.7626447		0.45721045		0.39436904
0.7654181		0.45887497		0.39577964
0.7681962		0.46054277		0.39719385
0.7709785		0.46221387		0.39860994
0.77376693		0.46388915		0.40002963
0.7765598		0.46556732		0.4014504
0.7793593		0.46724832		0.40287408
0.7821638		0.46893328		0.40429884
0.7849747		0.47062182		0.40572608
0.7877911		0.4723139		0.40715593
0.79061294		0.47400966		0.4085904
0.7934396		0.47570875		0.41002783
0.79627085		0.47740996		0.41146758
0.79910713		0.47911432		0.41290838
0.8019478		0.4808223		0.414352
0.80479324		0.4825347		0.4157985
0.8076439		0.48424986		0.41724932
0.81050014		0.48596814		0.4187017
0.81336194		0.48768908		0.42015734
0.81622934		0.48941314		0.4216142
0.81910187		0.49113917		0.42307395
0.8219797		0.49286908		0.4245359
0.8248619		0.49460152		0.42600098
0.8277491		0.49633798		0.42746857
0.83064145		0.49807832		0.42893818
0.8335389		0.4998223		0.43040934
0.8364411		0.5015694		0.4318857
0.8393481		0.5033181		0.43336436
0.8422608		0.5050704		0.43484756
0.8451784		0.50682676		0.43633378
0.8481007		0.5085853		0.43782407
0.85102713		0.5103464		0.43931827
0.8539587		0.5121101		0.44081527
0.85689545		0.5138773		0.44231123
0.8598376		0.5156479		0.44380888
0.86278546		0.5174214		0.4453084
0.86573774		0.51919794		0.44681147
0.86869556		0.52097696		0.44831657
0.87165844		0.52276015		0.4498251
0.87462556		0.52454674		0.4513384
0.8775978		0.5263363		0.45285517
0.8805753		0.52812904		0.45437473
0.88355714		0.529925		0.45589724
0.8865441		0.53172314		0.4574216
0.88953525		0.53352433		0.4589491
0.8925315		0.53532785		0.46047696
0.8955336		0.53713524		0.46200764
0.89854103		0.5389451		0.46354094
0.90155494		0.54075754		0.46507683
0.9045739		0.5425726		0.46661636
0.90759826		0.5443901		0.46816057
0.9106269		0.5462106		0.46970743
0.91366094		0.54803336		0.47125867
0.91670084		0.54985934		0.47281194
0.91974705		0.55168855		0.47436783
0.9227986		0.5535212		0.47592634
0.92585486		0.5553569		0.4774885
0.9289169		0.5571957		0.47905314
0.931983		0.5590379		0.48062027
0.9350551		0.56088287		0.4821902
0.93813336		0.5627312		0.48376325
0.941217		0.56458336		0.48533848
0.94430584		0.56643856		0.48691618
0.94740033		0.5682968		0.48849654
0.9504988		0.5701575		0.49008036
0.9536021		0.57202226		0.491667
0.95671165		0.57389027		0.49325755
0.9598252		0.57575995		0.4948512
0.96294296		0.5776326		0.49644753
0.96606517		0.5795086		0.49804538
0.9691928		0.5813883		0.49964544
0.9723249		0.5832709		0.50124896
0.9754619		0.58515584		0.5028586
0.9786036		0.5870441		0.50447106
0.98175085		0.5889361		0.50608504
0.98490214		0.59083116		0.50770056
0.98805875		0.59272873		0.50931925
0.9912206		0.59462833		0.5109382
0.9943872		0.59653074		0.51256067
0.9975587		0.59843665		0.5141858
1.0007359		0.600345		0.5158142
1.0039186		0.60225725		0.5174465
1.0071067		0.6041725		0.5190827
1.0103005		0.6060911		0.52072227
1.0135001		0.60801274		0.52236485
1.0167047		0.60993713		0.52400964
1.0199149		0.6118653		0.5256597
1.0231308		0.6137965		0.5273094
1.0263522		0.6157305		0.5289629
1.0295788		0.6176669		0.5306176
1.0328099		0.6196069		0.5322753
1.036046		0.62154853		0.5339335
1.0392869		0.6234926		0.5355935
1.0425324		0.62543947		0.5372557
1.0457823		0.6273902		0.5389219
1.0490369		0.62934434		0.5405885
1.0522959		0.6313018		0.54225737
1.0555599		0.6332619		0.54392946
1.0588288		0.63522416		0.54560477
1.062104		0.63718957		0.54728365
1.065383		0.6391576		0.54896486
1.0686668		0.64112884		0.5506462
1.0719564		0.64310336		0.5523285
1.075251		0.64508104		0.55401254
1.0785495		0.6470619		0.5557009
1.0818532		0.6490467		0.5573901
1.0851616		0.6510352		0.55908215
1.0884742		0.6530265		0.5607752
1.0917925		0.6550215		0.5624708
1.0951152		0.6570193		0.5641686
1.098442		0.6590196		0.5658688
1.1017743		0.66102284		0.56756914
1.1051114		0.6630297		0.5692737
1.1084545		0.66503924		0.57097924
1.1118026		0.66705245		0.5726872
1.1151558		0.6690695		0.5743981
1.1185136		0.67109025		0.5761131
1.1218759		0.673114		0.5778325
1.125243		0.6751404		0.5795546
1.1286147		0.6771691		0.5812796
1.1319914		0.6792009		0.5830072
1.1353743		0.68123513		0.5847391
1.1387638		0.68327194		0.586474
1.1421586		0.68531156		0.5882116
1.1455597		0.6873538		0.5899524
1.1489654		0.6893995		0.5916957
1.1523758		0.69144833		0.59344167
1.155791		0.69350123		0.59518903
1.1592121		0.6955574		0.59693956
1.1626372		0.69761676		0.5986934
1.1660684		0.69968003		0.60044914
1.169504		0.7017462		0.60220486
1.1729462		0.70381576		0.6039624
1.176394		0.7058877		0.6057218
1.1798477		0.7079628		0.60748523
1.183307		0.71004045		0.6092502
1.1867706		0.7121217		0.61101925
1.1902391		0.7142069		0.6127892
1.193713		0.7162951		0.6145637
1.1971924		0.7183856		0.6163404
1.2006767		0.72048		0.6181189
1.2041669		0.72257763		0.61989814
1.2076633		0.72467935		0.62167954
1.2111657		0.72678435		0.6234631
1.2146726		0.72889256		0.6252511
1.2181835		0.73100305		0.6270398
1.2217004		0.7331161		0.6288329
1.2252221		0.73523146		0.63062763
1.228748		0.73734844		0.63242495
1.2322788		0.7394678		0.63422525
1.2358134		0.74158955		0.63602966
1.2393523		0.74371374		0.6378372
1.2428963		0.7458412		0.63964945
1.2464461		0.7479717		0.6414645
1.2500002		0.7501052		0.6432836
1.2535589		0.7522415		0.64510554
1.2571222		0.7543822		0.6469308
1.2606902		0.75652534		0.6487589
1.2642635		0.7586706		0.65059024
1.2678418		0.7608194		0.6524232
1.2714258		0.7629724		0.6542587
1.2750162		0.7651278		0.6560975
1.278612		0.767286		0.65794003
1.2822118		0.7694468		0.65978295
1.2858163		0.77161103		0.66162753
1.2894266		0.7737784		0.66347355
1.2930425		0.7759492		0.6653218
1.2966636		0.77812177		0.6671714
1.30029		0.78029764		0.66902417
1.3039217		0.78247654		0.67088115
1.3075578		0.7846573		0.6727427
1.3111992		0.7868416		0.6746034
1.3148456		0.7890282		0.6764683
1.3184977		0.79121786		0.67833346
1.3221545		0.79340976		0.6802012
1.3258158		0.7956049		0.682072
1.3294822		0.7978027		0.6839439
1.3331531		0.80000246		0.685819
1.3368297		0.8022063		0.6876978
1.3405118		0.80441284		0.68957686
1.3441987		0.8066215		0.69145876
1.3478905		0.80883294		0.6933412
1.351587		0.81104773		0.6952269
1.3552891		0.81326634		0.69711435
1.3589959		0.8154884		0.6990043
1.3627074		0.81771296		0.70089495
1.366424		0.81994075		0.7027885
1.3701459		0.8221714		0.70468444
1.3738731		0.8244051		0.70658416
1.3776053		0.8266411		0.7084844
1.3813429		0.8288789		0.7103869
1.3850858		0.83112013		0.71229064
1.388833		0.8333647		0.71419823
1.3925861		0.83561265		0.71610796
1.3963435		0.83786374		0.7180215
1.4001055		0.8401179		0.7199366
1.4038726		0.8423757		0.72185403
1.4076444		0.84463626		0.72377294
1.4114215		0.8468999		0.72569567
1.4152048		0.84916544		0.72762024
1.4189925		0.85143507		0.72954935
1.4227842		0.8537078		0.7314797
1.4265803		0.8559833		0.73341274
1.4303815		0.8582623		0.735348
1.434188		0.8605436		0.73728776
1.4379995		0.86282754		0.7392303
1.4418155		0.86511475		0.74117714
1.4456367		0.8674051		0.74312454
1.4494632		0.8696984		0.74507344
1.4532944		0.87199426		0.7470231
1.4571303		0.87429225		0.74897665
1.4609717		0.8765928		0.7509321
1.4648185		0.8788957		0.75289124
1.4686698		0.88120073		0.7548522
1.4725258		0.88350827		0.7568165
1.4763873		0.8858182		0.7587818
1.4802524		0.88813126		0.7607509
1.484122		0.890447		0.7627228
1.4879963		0.8927657		0.764698
1.491875		0.8950868		0.76667655
1.4957579		0.8974107		0.7686585
1.4996448		0.8997381		0.77064174
1.5035363		0.9020687		0.77262956
1.5074325		0.904402		0.7746179
1.5113335		0.906739		0.7766093
1.5152397		0.90907884		0.77860206
1.5191505		0.911421		0.780599
1.5230651		0.91376585		0.7825987
1.5269852		0.9161138		0.78459996
1.5309103		0.9184638		0.786603
1.5348411		0.9208166		0.7886094
1.5387768		0.9231735		0.7906177
1.5427171		0.92553425		0.7926285
1.5466623		0.9278992		0.79464126
1.5506138		0.9302677		0.7966582
1.55457		0.93263924		0.79867655
1.5585319		0.93501407		0.8006978
1.5624992		0.93739265		0.8027205
1.5664715		0.93977505		0.80474615
1.5704491		0.94215995		0.80677253
1.5744324		0.9445469		0.80880344
1.5784209		0.94693637		0.8108364
1.5824133		0.94933033		0.81287324
1.5864106		0.9517276		0.8149142
1.5904126		0.95412827		0.8169576
1.5944198		0.9565327		0.8190028
1.598432		0.9589395		0.82105094
1.6024486		0.96134895		0.8231006
1.6064714		0.9637605		0.82515335
1.6104991		0.9661753		0.82720923
1.6145313		0.9685917		0.82926714
1.6185687		0.9710116		0.83132493
1.6226109		0.9734345		0.8333877
1.626658		0.97586024		0.835452
1.6307098		0.9782889		0.8375197
1.6347666		0.98072		0.8395905
1.6388288		0.9831549		0.84166545
1.642895		0.98559296		0.8437438
1.6469654		0.9880346		0.8458232
1.6510413		0.9904791		0.84790355
1.6551223		0.992928		0.8499885
1.6592084		0.9953803		0.85207367
1.6632997		0.9978353		0.8541631
1.6673955		1.0002942		0.85625553
1.671497		1.0027558		0.858352
1.6756046		1.0052207		0.8604484
1.6797174		1.0076876		0.8625474
1.6838353		1.010157		0.86464906
1.6879572		1.0126289		0.86675495
1.6920843		1.0151038		0.8688625
1.6962155		1.0175824		0.8709733
1.7003509		1.0200646		0.87308496
1.7044909		1.0225494		0.87520033
1.7086364		1.0250375		0.8773176
1.7127866		1.027529		0.8794377
1.7169412		1.0300229		0.8815593
1.7211007		1.0325203		0.8836831
1.7252655		1.0350211		0.88580775
1.7294369		1.0375249		0.8879357
1.733614		1.0400323		0.89006674
1.7377964		1.0425439		0.8922014
1.7419844		1.045059		0.89433604
1.7461765		1.0475767		0.8964722
1.7503746		1.0500965		0.8986105
1.7545774		1.0526193		0.9007533
1.7587863		1.0551459		0.9028993
1.7629998		1.0576754		0.90504694
1.7672191		1.0602069		0.90719485
1.7714429		1.0627409		0.90934616
1.7756716		1.0652785		0.9114979
1.7799054		1.0678197		0.9136524
1.7841437		1.0703635		0.91580945
1.7883868		1.0729096		0.917969
1.7926351		1.0754584		0.92013
1.7968882		1.0780116		0.92229295
1.8011457		1.0805681		0.9244587
1.8054066		1.0831269		0.92662805
1.8096719		1.085689		0.9288007
1.8139428		1.0882542		0.9309774
1.8182188		1.0908225		0.93315554
1.8224996		1.0933934		0.9353364
1.826785		1.0959677		0.9375205
1.8310747		1.0985441		0.9397083
1.8353695		1.1011218		0.94189787
1.8396703		1.1037028		0.94409126
1.8439765		1.106287		0.9462869
1.8482872		1.1088743		0.9484862
1.852603		1.1114646		0.9506862
1.8569237		1.1140583		0.9528889
1.8612499		1.1166531		0.9550931
1.8655813		1.1192513		0.9573016
1.8699175		1.1218522		0.95951205
1.8742589		1.1244558		0.96172684
1.8786057		1.1270632		0.96394354
1.8829577		1.1296741		0.96616256
1.887314		1.1322883		0.96838427
1.8916749		1.1349056		0.97060955
1.8960413		1.1375258		0.97283787
1.9004132		1.1401495		0.9750699
1.9047898		1.1427765		0.9773043
1.9091712		1.1454064		0.97954094
1.9135567		1.1480393		0.98177904
1.9179482		1.1506757		0.9840198
1.9223459		1.1533159		0.98626333
1.9267502		1.1559597		0.98851097
1.9311588		1.1586063		0.9907601
1.9355723		1.1612562		0.9930118
1.939991		1.1639082		0.99526364
1.9444137		1.1665629		0.99751675
1.9488413		1.1692204		0.9997715
1.9532734		1.1718808		1.0020278
1.9577113		1.1745448		1.0042864
1.962153		1.177213		1.0065475
1.9665993		1.1798842		1.0088111
1.9710515		1.1825587		1.0110787
1.9755082		1.1852363		1.0133482
1.9799706		1.1879166		1.01562
1.9844388		1.1906005		1.017894
1.9889117		1.1932867		1.0201726
1.9933903		1.1959758		1.0224544
1.9978738		1.1986681		1.0247383
2.0023615		1.2013633		1.0270244
2.0068548		1.2040619		1.0293138
2.0113533		1.2067634		1.0316057
2.0158565		1.2094678		1.0338995
2.0203638		1.2121754		1.0361947
2.024876		1.2148857		1.0384934
2.029393		1.2175993		1.0407953
2.0339146		1.2203163		1.0430994
2.038441		1.2230372		1.0454035
2.0429723		1.2257614		1.0477116
2.0475097		1.2284875		1.0500212
2.0520527		1.2312174		1.052334
2.0566003		1.2339493		1.054648
2.0611537		1.236684		1.0569662
2.065711		1.2394211		1.059286
2.0702734		1.242161		1.0616084
2.0748408		1.2449034		1.063934
2.0794132		1.247649		1.0662616
2.0839896		1.2503971		1.0685896
2.0885706		1.2531487		1.0709213
2.0931547		1.2559034		1.0732561
2.097745		1.2586614		1.0755943
2.1023395		1.2614228		1.0779364
2.106939		1.2641873		1.0802813
2.1115444		1.2669545		1.0826266
2.1161559		1.2697251		1.0849748
2.1207726		1.2724975		1.0873245
2.1253939		1.2752738		1.0896777
2.1300192		1.2780526		1.0920328
2.1346498		1.2808337		1.094389
2.1392844		1.283618		1.0967479
2.1439238		1.2864048		1.099109
2.1485677		1.2891954		1.101473
2.1532166		1.2919885		1.1038402
2.1578712		1.2947854		1.1062073
2.1625304		1.2975864		1.1085782
2.1671953		1.3003904		1.110952
2.171865		1.3031969		1.1133298
2.1765406		1.3060056		1.1157098
2.181221		1.3088171		1.1180936
2.185906		1.3116325		1.1204792
2.1905966		1.314451		1.1228675
2.1952925		1.3172722		1.1252565
2.1999936		1.3200967		1.1276503
2.2046993		1.3229246		1.1300464
2.2094102		1.3257562		1.1324455
2.214127		1.3285906		1.1348468
2.2188487		1.3314278		1.1372514
2.2235758		1.3342671		1.1396575
2.228308		1.3371103		1.142066
2.2330465		1.3399569		1.1444757
2.2377903		1.3428074		1.1468881
2.2425401		1.3456603		1.1493037
2.2472947		1.3485154		1.1517227
2.2520542		1.3513725		1.1541433
2.2568197		1.3542325		1.1565676
2.2615905		1.3570955		1.1589923
2.266366		1.3599619		1.1614195
2.2711465		1.3628327		1.163849
2.2759328		1.3657075		1.1662816
2.280725		1.3685849		1.1687161
2.2855217		1.3714662		1.1711524
2.2903244		1.3743508		1.1735905
2.295132		1.3772383		1.1760328
2.299943		1.380128		1.1784753
2.3047585		1.3830209		1.1809202
2.3095796		1.3859167		1.1833673
2.3144042		1.3888152		1.185817
2.3192356		1.391717		1.1882691
2.3240726		1.3946216		1.1907256
2.3289142		1.3975296		1.1931841
2.3337605		1.40044		1.1956439
2.3386123		1.4033529		1.1981065
2.343468		1.4062688		1.2005711
2.348329		1.4091878		1.2030383
2.3531952		1.4121106		1.2055088
2.3580663		1.415037		1.2079818
2.3629425		1.4179666		1.2104588
2.3678236		1.4209001		1.2129383
2.372711		1.4238364		1.2154212
2.3776033		1.4267774		1.2179031
2.3825018		1.4297215		1.2203871
2.3874059		1.432669		1.2228729
2.3923147		1.4356203		1.2253609
2.3972278		1.4385748		1.2278503
2.4021468		1.4415326		1.2303426
2.4070685		1.4444935		1.2328337
