-0.010145 0.033942 -0.993362 0.966296 -0.015192 -0.009319 -0.009319
-0.010629 0.034423 -0.993107 0.966297 -0.015202 -0.009329 -0.009329
-0.009904 0.034664 -0.994381 0.966285 -0.015219 -0.009327 -0.009327
-0.010387 0.034664 -0.996930 0.966261 -0.015221 -0.009351 -0.009351
-0.009421 0.033220 -0.995656 0.966302 -0.015211 -0.009337 -0.009337
-0.009179 0.033701 -0.996421 0.966388 -0.015210 -0.009307 -0.009307
-0.009421 0.035145 -0.992597 0.966428 -0.015240 -0.009300 -0.009300
-0.011836 0.034905 -0.996421 0.966419 -0.015243 -0.009338 -0.009338
-0.011353 0.034664 -0.992342 0.966429 -0.015244 -0.009378 -0.009378
-0.010629 0.035145 -0.996675 0.966460 -0.015261 -0.009398 -0.009398
-0.009904 0.032738 -0.995656 0.966423 -0.015242 -0.009388 -0.009388
-0.009662 0.033701 -0.996930 0.966356 -0.015236 -0.009379 -0.009379
-0.009904 0.033701 -0.997185 0.966303 -0.015222 -0.009382 -0.009382
-0.009904 0.033460 -0.996930 0.966264 -0.015211 -0.009379 -0.009379
-0.009904 0.032497 -0.995146 0.966249 -0.015183 -0.009376 -0.009376
-0.011112 0.033701 -0.996166 0.966258 -0.015173 -0.009394 -0.009394
-0.010870 0.035145 -0.994381 0.966272 -0.015194 -0.009414 -0.009414
-0.010387 0.034183 -0.996421 0.966275 -0.015196 -0.009419 -0.009419
-0.009179 0.033942 -0.997185 0.966255 -0.015199 -0.009402 -0.009402
-0.008938 0.033460 -0.995911 0.966209 -0.015198 -0.009381 -0.009381
-0.012319 0.033701 -0.990813 0.966116 -0.015186 -0.009430 -0.009430
-0.010387 0.032979 -0.995656 0.966000 -0.015157 -0.009434 -0.009434
-0.009904 0.032979 -0.994126 0.966013 -0.015136 -0.009427 -0.009427
-0.011595 0.034905 -0.994381 0.966126 -0.015148 -0.009450 -0.009450
-0.008938 0.033220 -0.994381 0.966214 -0.015144 -0.009422 -0.009422
-0.010387 0.034423 -0.996930 0.966281 -0.015154 -0.009427 -0.009427
-0.010387 0.033942 -0.995911 0.966278 -0.015148 -0.009433 -0.009433
-0.009904 0.032497 -0.997185 0.966213 -0.015113 -0.009430 -0.009430
-0.009662 0.032497 -0.993362 0.966122 -0.015095 -0.009418 -0.009418
-0.010387 0.032257 -0.995656 0.966008 -0.015067 -0.009415 -0.009415
-0.010870 0.033701 -0.996930 0.966071 -0.015055 -0.009418 -0.009418
-0.011595 0.034423 -0.993362 0.966267 -0.015066 -0.009434 -0.009434
-0.010870 0.034905 -0.994381 0.966456 -0.015088 -0.009441 -0.009441
-0.009179 0.034183 -0.996166 0.966634 -0.015106 -0.009414 -0.009414
-0.008696 0.033942 -0.992597 0.966725 -0.015121 -0.009383 -0.009383
-0.009904 0.034905 -0.995146 0.966750 -0.015145 -0.009379 -0.009379
-0.011353 0.035145 -0.994891 0.966778 -0.015167 -0.009398 -0.009398
-0.009904 0.032257 -0.995911 0.966798 -0.015139 -0.009380 -0.009380
-0.010629 0.034183 -0.993872 0.966824 -0.015144 -0.009392 -0.009392
-0.007730 0.035145 -0.992852 0.966863 -0.015184 -0.009347 -0.009347
-0.010870 0.032497 -0.992087 0.966834 -0.015150 -0.009358 -0.009358
-0.011353 0.033701 -0.995911 0.966784 -0.015134 -0.009383 -0.009383
-0.009904 0.034423 -0.994381 0.966748 -0.015148 -0.009375 -0.009375
-0.009904 0.034183 -0.993107 0.966713 -0.015155 -0.009376 -0.009376
-0.011112 0.032979 -0.993362 0.966619 -0.015133 -0.009387 -0.009387
-0.010870 0.032738 -0.996166 0.966492 -0.015100 -0.009397 -0.009397
-0.011595 0.035145 -0.991577 0.966447 -0.015116 -0.009430 -0.009430
-0.010629 0.035868 -0.994636 0.966461 -0.015153 -0.009448 -0.009448
-0.009179 0.033701 -0.993872 0.966391 -0.015158 -0.009429 -0.009429
-0.011836 0.034664 -0.995911 0.966256 -0.015155 -0.009466 -0.009466
-0.010145 0.033220 -0.992087 0.966147 -0.015136 -0.009463 -0.009463
-0.009662 0.032738 -0.995401 0.966059 -0.015112 -0.009442 -0.009442
-0.011353 0.034183 -0.996675 0.966032 -0.015113 -0.009458 -0.009458
-0.009421 0.033460 -0.993107 0.966056 -0.015102 -0.009439 -0.009439
-0.009662 0.035145 -0.994381 0.966094 -0.015133 -0.009430 -0.009430
-0.011595 0.032979 -0.995146 0.966110 -0.015101 -0.009450 -0.009450
-0.009662 0.034183 -0.995911 0.966086 -0.015106 -0.009437 -0.009437
-0.010145 0.033701 -0.995656 0.966015 -0.015098 -0.009434 -0.009434
-0.011353 0.033460 -0.992852 0.965958 -0.015081 -0.009459 -0.009459
-0.011836 0.034664 -0.997950 0.965922 -0.015088 -0.009490 -0.009490
-0.010387 0.034664 -0.993872 0.965869 -0.015108 -0.009502 -0.009502
-0.012078 0.035868 -0.995146 0.965801 -0.015129 -0.009549 -0.009549
-0.010145 0.034905 -0.991577 0.965785 -0.015145 -0.009551 -0.009551
-0.009662 0.033460 -0.997185 0.965795 -0.015141 -0.009530 -0.009530
-0.010629 0.034423 -0.994636 0.965742 -0.015146 -0.009546 -0.009546
-0.009179 0.033942 -0.995146 0.965641 -0.015150 -0.009526 -0.009526
-0.010629 0.033220 -0.993872 0.965640 -0.015133 -0.009518 -0.009518
-0.011836 0.034423 -0.995656 0.965730 -0.015140 -0.009539 -0.009539
-0.007730 0.032738 -0.993362 0.965801 -0.015134 -0.009482 -0.009482
-0.009421 0.034664 -0.995656 0.965857 -0.015156 -0.009458 -0.009458
-0.009662 0.032738 -0.993617 0.965904 -0.015147 -0.009432 -0.009432
-0.010870 0.034423 -0.995401 0.965962 -0.015161 -0.009441 -0.009441
-0.010387 0.036349 -0.993872 0.966032 -0.015203 -0.009453 -0.009453
-0.008938 0.035145 -0.996421 0.966096 -0.015232 -0.009431 -0.009431
-0.012561 0.031535 -0.991832 0.966150 -0.015176 -0.009462 -0.009462
-0.009904 0.034664 -0.995656 0.966259 -0.015194 -0.009453 -0.009453
-0.010387 0.035145 -0.995401 0.966366 -0.015220 -0.009450 -0.009450
-0.010145 0.033701 -0.996930 0.966461 -0.015211 -0.009440 -0.009440
-0.008213 0.034183 -0.994126 0.966604 -0.015223 -0.009383 -0.009383
-0.010870 0.035386 -0.995656 0.966772 -0.015248 -0.009388 -0.009388
-0.011836 0.034183 -0.992597 0.966862 -0.015247 -0.009416 -0.009416
-0.007971 0.033701 -0.997695 0.966912 -0.015252 -0.009369 -0.009369
-0.011353 0.035627 -0.994891 0.966992 -0.015279 -0.009395 -0.009395
-0.010629 0.035627 -0.995401 0.967098 -0.015311 -0.009399 -0.009399
-0.011595 0.033460 -0.994891 0.967234 -0.015298 -0.009410 -0.009410
-0.009662 0.032738 -0.995656 0.967409 -0.015282 -0.009377 -0.009377
-0.011595 0.035145 -0.994636 0.967558 -0.015300 -0.009404 -0.009404
-0.010145 0.034183 -0.996675 0.967677 -0.015301 -0.009389 -0.009389
-0.010629 0.033701 -0.998205 0.967828 -0.015297 -0.009379 -0.009379
-0.010145 0.034183 -0.994126 0.968012 -0.015309 -0.009357 -0.009357
-0.009179 0.033220 -0.994126 0.968107 -0.015299 -0.009317 -0.009317
-0.010629 0.033701 -0.993362 0.968134 -0.015288 -0.009322 -0.009322
-0.011112 0.034183 -0.994381 0.968167 -0.015284 -0.009333 -0.009333
-0.010629 0.034423 -0.996421 0.968206 -0.015290 -0.009340 -0.009340
-0.012078 0.033220 -0.994636 0.968193 -0.015267 -0.009367 -0.009367
-0.008455 0.034905 -0.996166 0.968175 -0.015296 -0.009340 -0.009340
-0.011836 0.034183 -0.991577 0.968122 -0.015296 -0.009376 -0.009376
-0.011112 0.034423 -0.997695 0.968060 -0.015294 -0.009396 -0.009396
-0.009421 0.032979 -0.994891 0.968000 -0.015272 -0.009371 -0.009371
-0.009662 0.034183 -0.995911 0.967949 -0.015275 -0.009363 -0.009363
-0.008938 0.033701 -0.993872 0.967889 -0.015275 -0.009336 -0.009336
-0.009904 0.033460 -0.996675 0.967816 -0.015263 -0.009327 -0.009327
-0.009662 0.035386 -0.994381 0.967783 -0.015291 -0.009322 -0.009322
-0.011836 0.036590 -0.996166 0.967770 -0.015330 -0.009361 -0.009361
-0.011595 0.034183 -0.994636 0.967754 -0.015325 -0.009384 -0.009384
-0.010629 0.032738 -0.995911 0.967742 -0.015291 -0.009379 -0.009379
-0.010870 0.033220 -0.993362 0.967719 -0.015273 -0.009384 -0.009384
-0.009904 0.033460 -0.996166 0.967687 -0.015263 -0.009371 -0.009371
-0.010870 0.033701 -0.992852 0.967651 -0.015254 -0.009380 -0.009380
-0.010870 0.034423 -0.994636 0.967621 -0.015258 -0.009391 -0.009391
-0.010629 0.032257 -0.992597 0.967559 -0.015223 -0.009389 -0.009389
-0.010629 0.033942 -0.994636 0.967496 -0.015220 -0.009395 -0.009395
-0.011353 0.032979 -0.990813 0.967405 -0.015200 -0.009414 -0.009414
-0.009662 0.033460 -0.995401 0.967310 -0.015198 -0.009392 -0.009392
-0.010145 0.035386 -0.993617 0.967138 -0.015217 -0.009398 -0.009398
-0.009179 0.033701 -0.998715 0.966894 -0.015208 -0.009382 -0.009382
-0.010145 0.035145 -0.994891 0.966691 -0.015218 -0.009394 -0.009394
-0.011353 0.034905 -0.999225 0.966510 -0.015225 -0.009428 -0.009428
-0.009904 0.035386 -0.994381 0.966364 -0.015250 -0.009441 -0.009441
-0.012078 0.035145 -0.997185 0.966224 -0.015254 -0.009484 -0.009484
-0.012319 0.033701 -0.996166 0.966143 -0.015228 -0.009515 -0.009515
-0.012078 0.034423 -1.001264 0.966123 -0.015216 -0.009543 -0.009543
-0.010145 0.033942 -0.994126 0.966133 -0.015216 -0.009534 -0.009534
-0.010629 0.033942 -0.993362 0.966164 -0.015213 -0.009538 -0.009538
-0.009662 0.032979 -0.994891 0.966192 -0.015187 -0.009512 -0.009512
-0.010387 0.032979 -0.995911 0.966219 -0.015163 -0.009505 -0.009505
-0.011353 0.033942 -0.993872 0.966306 -0.015161 -0.009520 -0.009520
-0.011836 0.033942 -0.993362 0.966435 -0.015155 -0.009535 -0.009535
-0.010870 0.035868 -0.994381 0.966573 -0.015197 -0.009535 -0.009535
-0.010629 0.036590 -0.997695 0.966712 -0.015243 -0.009536 -0.009536
-0.011595 0.034423 -0.992087 0.966714 -0.015240 -0.009560 -0.009560
-0.011595 0.034183 -0.994636 0.966622 -0.015229 -0.009582 -0.009582
-0.009904 0.035386 -0.995911 0.966571 -0.015258 -0.009582 -0.009582
-0.010629 0.035627 -0.996166 0.966542 -0.015283 -0.009589 -0.009589
-0.009662 0.033460 -0.994891 0.966520 -0.015273 -0.009567 -0.009567
-0.009662 0.035145 -0.995911 0.966523 -0.015293 -0.009562 -0.009562
-0.009421 0.034664 -0.992852 0.966548 -0.015314 -0.009541 -0.009541
-0.010387 0.034423 -0.997950 0.966577 -0.015317 -0.009535 -0.009535
-0.011353 0.033701 -0.992852 0.966569 -0.015298 -0.009546 -0.009546
-0.010870 0.033942 -0.995401 0.966540 -0.015291 -0.009546 -0.009546
-0.010629 0.035145 -0.997185 0.966506 -0.015311 -0.009548 -0.009548
-0.009662 0.033220 -0.992852 0.966453 -0.015292 -0.009524 -0.009524
-0.009904 0.033701 -0.994891 0.966484 -0.015281 -0.009506 -0.009506
-0.014252 0.034664 -0.998205 0.966564 -0.015273 -0.009572 -0.009572
-0.010387 0.033701 -0.993107 0.966624 -0.015268 -0.009562 -0.009562
-0.008696 0.034664 -0.996930 0.966674 -0.015276 -0.009526 -0.009526
-0.011112 0.032979 -0.995401 0.966707 -0.015248 -0.009527 -0.009527
-0.010629 0.032979 -0.995911 0.966746 -0.015226 -0.009524 -0.009524
-0.008696 0.034423 -0.994381 0.966727 -0.015236 -0.009494 -0.009494
-0.010387 0.035868 -0.995656 0.966654 -0.015261 -0.009507 -0.009507
-0.011353 0.033942 -0.993872 0.966605 -0.015245 -0.009532 -0.009532
-0.010387 0.033701 -0.995656 0.966589 -0.015238 -0.009526 -0.009526
-0.010629 0.032979 -0.989538 0.966634 -0.015216 -0.009524 -0.009524
-0.009904 0.033942 -0.996166 0.966736 -0.015217 -0.009501 -0.009501
-0.009179 0.035145 -0.992342 0.966829 -0.015245 -0.009474 -0.009474
-0.009179 0.035386 -0.998460 0.966903 -0.015271 -0.009452 -0.009452
-0.011353 0.035627 -0.993362 0.966966 -0.015297 -0.009481 -0.009481
-0.008938 0.034183 -0.995911 0.967021 -0.015301 -0.009450 -0.009450
-0.011112 0.034664 -0.993107 0.967080 -0.015307 -0.009459 -0.009459
-0.010387 0.036108 -0.998205 0.967158 -0.015346 -0.009459 -0.009459
-0.010870 0.032257 -0.996421 0.967195 -0.015309 -0.009453 -0.009453
-0.010145 0.032738 -0.996166 0.967230 -0.015279 -0.009439 -0.009439
-0.010145 0.032016 -0.994636 0.967234 -0.015242 -0.009426 -0.009426
-0.009421 0.033942 -0.997440 0.967232 -0.015247 -0.009414 -0.009414
-0.010145 0.034664 -0.996421 0.967243 -0.015266 -0.009410 -0.009410
-0.010870 0.035627 -0.996166 0.967265 -0.015298 -0.009423 -0.009423
-0.010145 0.034905 -0.994636 0.967273 -0.015315 -0.009419 -0.009419
-0.010870 0.033942 -0.993617 0.967263 -0.015302 -0.009434 -0.009434
-0.011836 0.034183 -0.997185 0.967281 -0.015291 -0.009454 -0.009454
-0.010145 0.035627 -0.997185 0.967341 -0.015321 -0.009453 -0.009453
-0.009662 0.036830 -0.995401 0.967409 -0.015371 -0.009447 -0.009447
-0.008696 0.034423 -0.996166 0.967463 -0.015379 -0.009411 -0.009411
-0.009421 0.035386 -0.994381 0.967508 -0.015401 -0.009397 -0.009397
-0.011353 0.030572 -0.995911 0.967502 -0.015326 -0.009400 -0.009400
-0.010629 0.032016 -0.993617 0.967512 -0.015287 -0.009390 -0.009390
-0.012319 0.032497 -0.995146 0.967520 -0.015243 -0.009419 -0.009419
-0.010629 0.034183 -0.994381 0.967531 -0.015242 -0.009418 -0.009418
-0.010145 0.032738 -0.994381 0.967519 -0.015216 -0.009403 -0.009403
-0.008213 0.034183 -0.992087 0.967476 -0.015232 -0.009368 -0.009368
-0.011112 0.034905 -0.995401 0.967391 -0.015239 -0.009387 -0.009387
-0.012078 0.032257 -0.993107 0.967340 -0.015193 -0.009410 -0.009410
-0.011836 0.035627 -0.994636 0.967351 -0.015220 -0.009441 -0.009441
-0.010870 0.032738 -0.994891 0.967338 -0.015193 -0.009434 -0.009434
-0.010145 0.032738 -0.997950 0.967323 -0.015166 -0.009418 -0.009418
-0.008938 0.034423 -0.997185 0.967329 -0.015180 -0.009388 -0.009388
-0.009904 0.034183 -0.997950 0.967334 -0.015182 -0.009380 -0.009380
-0.008938 0.033220 -0.997695 0.967354 -0.015171 -0.009349 -0.009349
-0.010145 0.033942 -0.996166 0.967392 -0.015165 -0.009343 -0.009343
-0.009662 0.033701 -0.991577 0.967364 -0.015169 -0.009330 -0.009330
-0.010870 0.033220 -0.998715 0.967276 -0.015152 -0.009339 -0.009339
-0.009904 0.036349 -0.994636 0.967264 -0.015195 -0.009351 -0.009351
-0.008938 0.032257 -0.994126 0.967265 -0.015168 -0.009318 -0.009318
-0.012078 0.034423 -0.994381 0.967241 -0.015170 -0.009359 -0.009359
-0.009179 0.034664 -0.999734 0.967210 -0.015188 -0.009343 -0.009343
-0.011112 0.033701 -0.994636 0.967218 -0.015182 -0.009359 -0.009359
-0.009179 0.035868 -0.994636 0.967285 -0.015229 -0.009340 -0.009340
-0.010629 0.032497 -0.993362 0.967331 -0.015203 -0.009339 -0.009339
-0.011353 0.032497 -0.997185 0.967382 -0.015169 -0.009344 -0.009344
-0.010387 0.035145 -0.996166 0.967458 -0.015199 -0.009338 -0.009338
-0.010145 0.036108 -0.995146 0.967543 -0.015247 -0.009333 -0.009333
-0.010387 0.034183 -0.992597 0.967597 -0.015249 -0.009334 -0.009334
-0.011836 0.033942 -0.996166 0.967631 -0.015237 -0.009362 -0.009362
-0.009904 0.033220 -0.994891 0.967674 -0.015223 -0.009343 -0.009343
-0.010387 0.034905 -0.994381 0.967728 -0.015245 -0.009343 -0.009343
-0.009662 0.035145 -0.994636 0.967717 -0.015271 -0.009339 -0.009339
-0.008938 0.033220 -0.994126 0.967644 -0.015250 -0.009319 -0.009319
-0.010145 0.034183 -0.990558 0.967543 -0.015249 -0.009326 -0.009326
-0.008938 0.032979 -0.995911 0.967413 -0.015234 -0.009300 -0.009300
-0.009904 0.032738 -0.996166 0.967300 -0.015212 -0.009287 -0.009287
-0.008455 0.033942 -0.998205 0.967216 -0.015217 -0.009261 -0.009261
-0.010629 0.035627 -0.994636 0.967106 -0.015244 -0.009283 -0.009283
-0.011353 0.034664 -0.996166 0.966966 -0.015242 -0.009314 -0.009314
-0.012078 0.033460 -0.992597 0.966880 -0.015227 -0.009351 -0.009351
-0.010870 0.033701 -0.994381 0.966853 -0.015218 -0.009365 -0.009365
-0.011836 0.032497 -0.995911 0.966815 -0.015179 -0.009380 -0.009380
-0.010629 0.033942 -0.994636 0.966795 -0.015173 -0.009389 -0.009389
-0.010629 0.033220 -0.992597 0.966770 -0.015166 -0.009392 -0.009392
-0.011595 0.033701 -0.995656 0.966743 -0.015161 -0.009415 -0.009415
-0.008938 0.033460 -0.994636 0.966771 -0.015157 -0.009380 -0.009380
-0.008938 0.035145 -0.992852 0.966845 -0.015191 -0.009359 -0.009359
-0.010629 0.032016 -0.993872 0.966830 -0.015154 -0.009360 -0.009360
-0.010387 0.032979 -0.998715 0.966773 -0.015133 -0.009362 -0.009362
-0.010387 0.033942 -0.993872 0.966765 -0.015135 -0.009367 -0.009367
-0.010387 0.034423 -0.996166 0.966791 -0.015151 -0.009368 -0.009368
-0.010387 0.033942 -0.995911 0.966813 -0.015152 -0.009370 -0.009370
-0.010870 0.033460 -0.995656 0.966834 -0.015143 -0.009375 -0.009375
-0.011836 0.033220 -0.995911 0.966880 -0.015125 -0.009399 -0.009399
-0.011112 0.032257 -0.993617 0.966948 -0.015096 -0.009399 -0.009399
-0.010629 0.033701 -0.995911 0.967062 -0.015101 -0.009399 -0.009399
-0.010870 0.034664 -0.995146 0.967206 -0.015116 -0.009403 -0.009403
-0.009662 0.034183 -0.996166 0.967308 -0.015122 -0.009394 -0.009394
-0.010870 0.033942 -0.996166 0.967369 -0.015128 -0.009401 -0.009401
-0.009421 0.033942 -0.997440 0.967428 -0.015133 -0.009373 -0.009373
-0.010629 0.034664 -0.994891 0.967483 -0.015147 -0.009368 -0.009368
-0.009904 0.032497 -0.997185 0.967516 -0.015121 -0.009346 -0.009346
-0.008213 0.033460 -0.996421 0.967552 -0.015121 -0.009302 -0.009302
-0.011112 0.034664 -0.997185 0.967550 -0.015129 -0.009316 -0.009316
-0.012078 0.033942 -0.994381 0.967512 -0.015134 -0.009352 -0.009352
-0.010870 0.033942 -0.995146 0.967507 -0.015138 -0.009365 -0.009365
-0.009179 0.035386 -0.994126 0.967540 -0.015174 -0.009354 -0.009354
-0.008938 0.034905 -0.992597 0.967558 -0.015202 -0.009334 -0.009334
-0.011353 0.034423 -0.998715 0.967553 -0.015207 -0.009361 -0.009361
-0.010145 0.033460 -0.995656 0.967544 -0.015204 -0.009353 -0.009353
-0.011112 0.033701 -0.996675 0.967532 -0.015188 -0.009366 -0.009366
-0.010145 0.033942 -0.995146 0.967522 -0.015185 -0.009357 -0.009357
-0.010387 0.035386 -0.997440 0.967519 -0.015205 -0.009369 -0.009369
-0.009179 0.034423 -0.995146 0.967530 -0.015221 -0.009344 -0.009344
-0.012078 0.034423 -0.998205 0.967540 -0.015220 -0.009374 -0.009374
-0.011836 0.035145 -0.997440 0.967518 -0.015232 -0.009408 -0.009408
-0.012078 0.033942 -0.997950 0.967454 -0.015218 -0.009442 -0.009442
-0.011112 0.034664 -0.993107 0.967450 -0.015223 -0.009457 -0.009457
-0.007247 0.034183 -0.997185 0.967496 -0.015244 -0.009384 -0.009384
-0.007730 0.032497 -0.993617 0.967601 -0.015234 -0.009318 -0.009318
-0.009421 0.032979 -0.994381 0.967754 -0.015215 -0.009287 -0.009287
-0.010870 0.033942 -0.995401 0.967852 -0.015215 -0.009294 -0.009294
-0.011836 0.033220 -0.998460 0.967895 -0.015193 -0.009322 -0.009322
-0.009904 0.033942 -0.995911 0.967886 -0.015189 -0.009319 -0.009319
-0.010629 0.032738 -0.996930 0.967814 -0.015158 -0.009317 -0.009317
-0.009904 0.034423 -0.994126 0.967752 -0.015171 -0.009312 -0.009312
-0.009662 0.036349 -0.993872 0.967701 -0.015220 -0.009317 -0.009317
-0.009662 0.034905 -0.992597 0.967629 -0.015239 -0.009316 -0.009316
-0.009904 0.034183 -0.996675 0.967537 -0.015242 -0.009311 -0.009311
-0.010629 0.034664 -0.994381 0.967490 -0.015251 -0.009326 -0.009326
-0.010387 0.034905 -0.993872 0.967479 -0.015266 -0.009339 -0.009339
-0.013044 0.033942 -0.994891 0.967409 -0.015243 -0.009389 -0.009389
-0.011836 0.034423 -0.996930 0.967314 -0.015234 -0.009423 -0.009423
-0.012319 0.034183 -0.995146 0.967250 -0.015222 -0.009452 -0.009452
-0.010145 0.034183 -0.996421 0.967218 -0.015222 -0.009438 -0.009438
-0.010387 0.034664 -0.993107 0.967220 -0.015230 -0.009440 -0.009440
-0.010387 0.033942 -0.993107 0.967240 -0.015230 -0.009439 -0.009439
-0.011112 0.035145 -0.990558 0.967329 -0.015254 -0.009449 -0.009449
-0.010629 0.033460 -0.995911 0.967452 -0.015247 -0.009437 -0.009437
-0.010387 0.033220 -0.991832 0.967532 -0.015231 -0.009427 -0.009427
-0.010629 0.033460 -0.993617 0.967581 -0.015219 -0.009419 -0.009419
-0.010870 0.034423 -0.994636 0.967591 -0.015222 -0.009423 -0.009423
-0.009662 0.033701 -0.995146 0.967564 -0.015220 -0.009404 -0.009404
-0.009904 0.034664 -0.993107 0.967477 -0.015228 -0.009403 -0.009403
-0.011112 0.035145 -0.994381 0.967338 -0.015235 -0.009431 -0.009431
-0.011595 0.034664 -0.992342 0.967210 -0.015239 -0.009460 -0.009460
-0.011353 0.033701 -0.994891 0.967089 -0.015224 -0.009477 -0.009477
-0.011595 0.035386 -0.995656 0.967026 -0.015237 -0.009502 -0.009502
-0.010145 0.035145 -0.996675 0.967002 -0.015253 -0.009496 -0.009496
-0.010387 0.035145 -0.993872 0.966952 -0.015271 -0.009503 -0.009503
-0.009179 0.034905 -0.997695 0.966888 -0.015287 -0.009485 -0.009485
-0.009421 0.034664 -0.994891 0.966740 -0.015296 -0.009478 -0.009478
-0.009179 0.034423 -0.996166 0.966533 -0.015300 -0.009463 -0.009463
-0.009662 0.034183 -0.996675 0.966419 -0.015299 -0.009452 -0.009452
-0.009904 0.033701 -0.996930 0.966378 -0.015285 -0.009438 -0.009438
-0.009904 0.034183 -0.994126 0.966365 -0.015283 -0.009426 -0.009426
-0.013527 0.034423 -0.996675 0.966358 -0.015269 -0.009472 -0.009472
-0.010387 0.032979 -0.999734 0.966389 -0.015246 -0.009459 -0.009459
-0.009179 0.033460 -0.997695 0.966456 -0.015242 -0.009425 -0.009425
-0.009662 0.032738 -0.995911 0.966515 -0.015221 -0.009403 -0.009403
-0.013044 0.034664 -0.997950 0.966573 -0.015220 -0.009454 -0.009454
-0.010870 0.033701 -0.996930 0.966621 -0.015210 -0.009463 -0.009463
-0.009662 0.034423 -0.992342 0.966668 -0.015230 -0.009446 -0.009446
-0.010629 0.034664 -0.990558 0.966656 -0.015243 -0.009452 -0.009452
-0.010629 0.034423 -0.993872 0.966597 -0.015242 -0.009461 -0.009461
-0.009904 0.034664 -0.994891 0.966564 -0.015253 -0.009458 -0.009458
-0.009904 0.035145 -0.993872 0.966551 -0.015271 -0.009450 -0.009450
-0.009904 0.032738 -0.993872 0.966542 -0.015250 -0.009426 -0.009426
-0.009904 0.035868 -0.998715 0.966566 -0.015279 -0.009419 -0.009419
-0.011836 0.034423 -0.993107 0.966551 -0.015272 -0.009450 -0.009450
-0.011112 0.031535 -0.997695 0.966501 -0.015212 -0.009447 -0.009447
-0.011353 0.034664 -0.994636 0.966483 -0.015215 -0.009465 -0.009465
-0.009421 0.032738 -0.998205 0.966473 -0.015200 -0.009432 -0.009432
-0.008455 0.034423 -0.994126 0.966488 -0.015227 -0.009385 -0.009385
-0.010387 0.034423 -0.994891 0.966507 -0.015224 -0.009387 -0.009387
-0.008938 0.031535 -0.994891 0.966470 -0.015178 -0.009351 -0.009351
-0.010870 0.033220 -0.994126 0.966402 -0.015164 -0.009367 -0.009367
-0.009904 0.034423 -0.993617 0.966352 -0.015170 -0.009361 -0.009361
-0.010629 0.033942 -0.996166 0.966300 -0.015162 -0.009366 -0.009366
-0.010387 0.034423 -0.995656 0.966255 -0.015174 -0.009376 -0.009376
-0.011353 0.033220 -0.995911 0.966204 -0.015153 -0.009392 -0.009392
-0.011353 0.032738 -0.994891 0.966194 -0.015127 -0.009403 -0.009403
-0.009179 0.032497 -0.994126 0.966230 -0.015107 -0.009380 -0.009380
-0.011112 0.032979 -0.992087 0.966271 -0.015085 -0.009390 -0.009390
-0.010387 0.034664 -0.996930 0.966328 -0.015097 -0.009391 -0.009391
-0.009662 0.034423 -0.994381 0.966346 -0.015108 -0.009381 -0.009381
-0.009904 0.034423 -0.995911 0.966329 -0.015116 -0.009372 -0.009372
-0.011595 0.033220 -0.995401 0.966326 -0.015097 -0.009395 -0.009395
-0.010629 0.033460 -0.998715 0.966347 -0.015083 -0.009396 -0.009396
-0.011112 0.034183 -0.996166 0.966369 -0.015082 -0.009411 -0.009411
-0.009662 0.032257 -0.995146 0.966380 -0.015058 -0.009386 -0.009386
-0.008696 0.032257 -0.993617 0.966367 -0.015046 -0.009346 -0.009346
-0.009662 0.034423 -0.996421 0.966342 -0.015060 -0.009341 -0.009341
-0.011595 0.033942 -0.995911 0.966305 -0.015050 -0.009374 -0.009374
-0.010870 0.034905 -0.995911 0.966273 -0.015056 -0.009396 -0.009396
-0.010145 0.031535 -0.996166 0.966265 -0.015009 -0.009386 -0.009386
-0.010870 0.033942 -0.997950 0.966304 -0.015013 -0.009390 -0.009390
-0.010870 0.034905 -0.992342 0.966334 -0.015031 -0.009405 -0.009405
-0.009662 0.033220 -0.997440 0.966343 -0.015024 -0.009394 -0.009394
-0.010629 0.033701 -0.993617 0.966331 -0.015013 -0.009399 -0.009399
-0.011836 0.034664 -0.996166 0.966303 -0.015020 -0.009427 -0.009427
-0.011595 0.033701 -0.993362 0.966338 -0.015015 -0.009454 -0.009454
-0.010870 0.033942 -0.997440 0.966425 -0.015018 -0.009463 -0.009463
-0.008938 0.034423 -0.994891 0.966446 -0.015044 -0.009443 -0.009443
-0.009421 0.033701 -0.994891 0.966403 -0.015046 -0.009432 -0.009432
-0.008696 0.033701 -0.995656 0.966435 -0.015056 -0.009394 -0.009394
-0.009179 0.033460 -0.993872 0.966519 -0.015057 -0.009361 -0.009361
-0.011112 0.033460 -0.995146 0.966604 -0.015053 -0.009366 -0.009366
-0.009904 0.034183 -0.996421 0.966705 -0.015067 -0.009355 -0.009355
-0.008938 0.033220 -0.995911 0.966795 -0.015065 -0.009327 -0.009327
-0.009662 0.032738 -0.997695 0.966875 -0.015053 -0.009302 -0.009302
-0.010870 0.032257 -0.996166 0.966946 -0.015028 -0.009294 -0.009294
-0.010145 0.035386 -0.995401 0.967039 -0.015059 -0.009300 -0.009300
-0.008696 0.034183 -0.996421 0.967050 -0.015069 -0.009277 -0.009277
-0.009179 0.033942 -0.994636 0.966995 -0.015079 -0.009258 -0.009258
-0.010870 0.032257 -0.991323 0.966927 -0.015048 -0.009271 -0.009271
-0.010870 0.034905 -0.996930 0.966878 -0.015071 -0.009295 -0.009295
-0.010145 0.032738 -0.993107 0.966836 -0.015048 -0.009292 -0.009292
-0.011112 0.034423 -0.993872 0.966817 -0.015048 -0.009313 -0.009313
-0.010387 0.034905 -0.996421 0.966818 -0.015072 -0.009312 -0.009312
-0.012319 0.033942 -0.998460 0.966818 -0.015066 -0.009347 -0.009347
-0.009421 0.034905 -0.994381 0.966810 -0.015093 -0.009338 -0.009338
-0.008938 0.034664 -0.999734 0.966783 -0.015114 -0.009313 -0.009313
-0.011112 0.034905 -0.994381 0.966782 -0.015125 -0.009340 -0.009340
-0.012078 0.033460 -0.995401 0.966793 -0.015111 -0.009367 -0.009367
-0.009179 0.033701 -0.994126 0.966799 -0.015116 -0.009342 -0.009342
-0.010629 0.034905 -0.998460 0.966792 -0.015129 -0.009348 -0.009348
-0.011595 0.034664 -0.993362 0.966830 -0.015136 -0.009375 -0.009375
-0.008696 0.034905 -0.994891 0.966918 -0.015164 -0.009334 -0.009334
-0.010145 0.034905 -0.991832 0.966978 -0.015188 -0.009335 -0.009335
-0.012803 0.035386 -0.995911 0.967010 -0.015204 -0.009384 -0.009384
-0.010870 0.034183 -0.995911 0.967011 -0.015205 -0.009395 -0.009395
-0.007730 0.033701 -0.996421 0.966999 -0.015211 -0.009347 -0.009347
-0.009421 0.034664 -0.997185 0.967090 -0.015225 -0.009327 -0.009327
-0.011595 0.034183 -0.992597 0.967252 -0.015230 -0.009346 -0.009346
-0.008938 0.033942 -0.993617 0.967402 -0.015242 -0.009308 -0.009308
-0.008696 0.031775 -0.997950 0.967520 -0.015207 -0.009256 -0.009256
-0.010870 0.033942 -0.992087 0.967612 -0.015203 -0.009270 -0.009270
-0.009179 0.032738 -0.997950 0.967675 -0.015182 -0.009240 -0.009240
-0.009421 0.033220 -0.998715 0.967704 -0.015174 -0.009217 -0.009217
-0.010387 0.034905 -0.993872 0.967714 -0.015195 -0.009223 -0.009223
-0.008696 0.033220 -0.994891 0.967698 -0.015190 -0.009195 -0.009195
-0.009421 0.033460 -0.997695 0.967667 -0.015178 -0.009182 -0.009182
-0.011112 0.034183 -0.996930 0.967617 -0.015177 -0.009207 -0.009207
-0.010629 0.034423 -0.996421 0.967557 -0.015177 -0.009227 -0.009227
-0.011836 0.033220 -0.996166 0.967528 -0.015151 -0.009253 -0.009253
-0.010870 0.033460 -0.999225 0.967538 -0.015140 -0.009263 -0.009263
-0.012078 0.033942 -0.996421 0.967529 -0.015125 -0.009308 -0.009308
-0.008213 0.034423 -0.993362 0.967523 -0.015138 -0.009272 -0.009272
-0.010387 0.033701 -0.998970 0.967503 -0.015128 -0.009274 -0.009274
-0.009662 0.032979 -0.993872 0.967484 -0.015111 -0.009261 -0.009261
-0.013044 0.033460 -0.994126 0.967444 -0.015093 -0.009311 -0.009311
-0.011836 0.034423 -0.997185 0.967407 -0.015091 -0.009344 -0.009344
-0.007730 0.033701 -0.997695 0.967385 -0.015101 -0.009296 -0.009296
-0.009904 0.032497 -0.998715 0.967351 -0.015078 -0.009280 -0.009280
-0.010145 0.033460 -0.996675 0.967299 -0.015071 -0.009281 -0.009281
-0.010387 0.033701 -0.994891 0.967229 -0.015070 -0.009284 -0.009284
-0.008696 0.035386 -0.994126 0.967177 -0.015102 -0.009272 -0.009272
-0.010870 0.032257 -0.997950 0.967100 -0.015064 -0.009275 -0.009275
-0.012078 0.033460 -0.993617 0.966980 -0.015043 -0.009311 -0.009311
-0.009904 0.032738 -0.994636 0.966829 -0.015024 -0.009305 -0.009305
-0.010870 0.035386 -0.993362 0.966786 -0.015055 -0.009325 -0.009325
-0.009421 0.034183 -0.996421 0.966813 -0.015065 -0.009304 -0.009304
-0.011595 0.035386 -0.995146 0.966819 -0.015095 -0.009340 -0.009340
-0.009662 0.032979 -0.997440 0.966803 -0.015088 -0.009322 -0.009322
-0.010387 0.034183 -0.996166 0.966808 -0.015101 -0.009324 -0.009324
-0.010629 0.035145 -0.993872 0.966826 -0.015126 -0.009338 -0.009338
-0.011595 0.036108 -0.991577 0.966792 -0.015163 -0.009379 -0.009379
-0.009904 0.034423 -0.998460 0.966709 -0.015170 -0.009379 -0.009379
-0.010629 0.033220 -0.994381 0.966689 -0.015153 -0.009389 -0.009389
-0.010145 0.032979 -0.995146 0.966726 -0.015139 -0.009375 -0.009375
-0.009904 0.034423 -0.992087 0.966762 -0.015151 -0.009364 -0.009364
-0.008938 0.032979 -0.996166 0.966781 -0.015136 -0.009332 -0.009332
-0.009421 0.034183 -0.994126 0.966792 -0.015147 -0.009319 -0.009319
-0.011595 0.032257 -0.995656 0.966770 -0.015110 -0.009339 -0.009339
-0.011112 0.032979 -0.991832 0.966781 -0.015094 -0.009348 -0.009348
-0.008696 0.033701 -0.996421 0.966824 -0.015108 -0.009312 -0.009312
-0.010145 0.033460 -0.993872 0.966859 -0.015104 -0.009308 -0.009308
-0.010870 0.032257 -0.998715 0.966880 -0.015066 -0.009311 -0.009311
-0.009662 0.031775 -0.994126 0.966878 -0.015037 -0.009282 -0.009282
-0.012803 0.033460 -0.996166 0.966855 -0.015020 -0.009331 -0.009331
-0.009904 0.034905 -0.994126 0.966889 -0.015054 -0.009326 -0.009326
-0.011353 0.033701 -0.996930 0.966935 -0.015046 -0.009337 -0.009337
-0.012078 0.034423 -0.995146 0.967040 -0.015051 -0.009367 -0.009367
-0.008938 0.033220 -0.997440 0.967187 -0.015055 -0.009320 -0.009320
-0.009179 0.033942 -0.992342 0.967260 -0.015071 -0.009297 -0.009297
-0.011112 0.035145 -0.995656 0.967277 -0.015096 -0.009315 -0.009315
-0.010870 0.034905 -0.995146 0.967340 -0.015112 -0.009327 -0.009327
-0.011112 0.032979 -0.995656 0.967425 -0.015098 -0.009330 -0.009330
-0.012078 0.033701 -0.994381 0.967505 -0.015087 -0.009357 -0.009357
-0.009904 0.034664 -0.996421 0.967594 -0.015105 -0.009346 -0.009346
-0.011112 0.034664 -0.992597 0.967663 -0.015121 -0.009366 -0.009366
-0.008938 0.034905 -0.994636 0.967727 -0.015147 -0.009340 -0.009340
-0.010145 0.033460 -0.992597 0.967745 -0.015145 -0.009329 -0.009329
-0.007730 0.036108 -0.997440 0.967768 -0.015201 -0.009285 -0.009285
-0.008696 0.034183 -0.995656 0.967792 -0.015214 -0.009257 -0.009257
-0.009179 0.035868 -0.997695 0.967836 -0.015262 -0.009241 -0.009241
-0.007488 0.033701 -0.992087 0.967875 -0.015272 -0.009189 -0.009189
-0.008455 0.033701 -0.995146 0.967913 -0.015272 -0.009151 -0.009151
-0.010145 0.033701 -0.993362 0.967957 -0.015265 -0.009146 -0.009146
-0.009421 0.035145 -0.996166 0.968022 -0.015291 -0.009143 -0.009143
-0.009179 0.034183 -0.995401 0.968042 -0.015299 -0.009129 -0.009129
-0.010387 0.035145 -0.996675 0.968035 -0.015318 -0.009139 -0.009139
-0.010145 0.036590 -0.993107 0.968055 -0.015366 -0.009155 -0.009155
-0.011353 0.032979 -0.997440 0.968054 -0.015336 -0.009176 -0.009176
-0.011112 0.033220 -0.993362 0.968039 -0.015316 -0.009190 -0.009190
-0.010870 0.031294 -0.999225 0.967999 -0.015258 -0.009189 -0.009189
-0.010145 0.032257 -0.993107 0.968035 -0.015229 -0.009182 -0.009182
-0.008455 0.034664 -0.995656 0.968143 -0.015255 -0.009145 -0.009145
-0.009179 0.034183 -0.995401 0.968139 -0.015254 -0.009129 -0.009129
-0.009904 0.034664 -0.996675 0.968054 -0.015258 -0.009141 -0.009141
-0.010387 0.033942 -0.996675 0.968059 -0.015249 -0.009152 -0.009152
-0.010145 0.033701 -0.995146 0.968138 -0.015248 -0.009150 -0.009150
-0.011353 0.033701 -0.994126 0.968102 -0.015236 -0.009178 -0.009178
-0.010387 0.033942 -0.995656 0.967986 -0.015230 -0.009197 -0.009197
-0.010387 0.033942 -0.995911 0.967866 -0.015224 -0.009210 -0.009210
-0.010870 0.032738 -0.995656 0.967735 -0.015195 -0.009223 -0.009223
-0.009179 0.033942 -0.995146 0.967654 -0.015194 -0.009205 -0.009205
-0.009662 0.032979 -0.996421 0.967589 -0.015167 -0.009195 -0.009195
-0.010145 0.032497 -0.996166 0.967502 -0.015134 -0.009195 -0.009195
-0.009662 0.034423 -0.994381 0.967418 -0.015146 -0.009197 -0.009197
-0.010145 0.033460 -0.992852 0.967377 -0.015141 -0.009196 -0.009196
-0.011112 0.033701 -0.995656 0.967375 -0.015131 -0.009210 -0.009210
-0.010629 0.034664 -0.995911 0.967449 -0.015148 -0.009221 -0.009221
-0.008938 0.034183 -0.999225 0.967578 -0.015157 -0.009197 -0.009197
-0.007971 0.033942 -0.993107 0.967647 -0.015173 -0.009156 -0.009156
-0.008213 0.033220 -0.996166 0.967662 -0.015176 -0.009121 -0.009121
-0.010870 0.030812 -0.992597 0.967644 -0.015118 -0.009122 -0.009122
-0.009421 0.034423 -0.995146 0.967649 -0.015135 -0.009116 -0.009116
-0.009904 0.034905 -0.993617 0.967636 -0.015158 -0.009124 -0.009124
-0.011595 0.034905 -0.996930 0.967604 -0.015170 -0.009163 -0.009163
-0.011353 0.031535 -0.991577 0.967569 -0.015118 -0.009175 -0.009175
-0.012803 0.034905 -0.995401 0.967561 -0.015128 -0.009229 -0.009229
-0.010387 0.033701 -0.994381 0.967560 -0.015121 -0.009233 -0.009233
-0.009904 0.033701 -0.995146 0.967563 -0.015119 -0.009223 -0.009223
-0.010870 0.034183 -0.995401 0.967593 -0.015126 -0.009233 -0.009233
-0.009904 0.033220 -0.994891 0.967639 -0.015119 -0.009224 -0.009224
-0.010145 0.032738 -0.993107 0.967717 -0.015103 -0.009205 -0.009205
-0.010629 0.033460 -0.998205 0.967823 -0.015098 -0.009207 -0.009207
-0.008213 0.034905 -0.994891 0.967850 -0.015132 -0.009176 -0.009176
-0.010870 0.032738 -0.997695 0.967777 -0.015101 -0.009189 -0.009189
-0.010629 0.033701 -0.992597 0.967721 -0.015100 -0.009199 -0.009199
-0.010629 0.032738 -0.996930 0.967663 -0.015076 -0.009213 -0.009213
-0.010387 0.034183 -0.995911 0.967622 -0.015083 -0.009223 -0.009223
-0.010387 0.033942 -0.997185 0.967584 -0.015084 -0.009231 -0.009231
-0.009662 0.033942 -0.996421 0.967543 -0.015084 -0.009230 -0.009230
-0.009904 0.032497 -0.995656 0.967485 -0.015060 -0.009229 -0.009229
-0.008696 0.034905 -0.994891 0.967486 -0.015090 -0.009214 -0.009214
-0.009662 0.033460 -0.996675 0.967498 -0.015088 -0.009204 -0.009204
-0.010870 0.033942 -0.992597 0.967480 -0.015090 -0.009223 -0.009223
-0.008938 0.032257 -0.995911 0.967437 -0.015063 -0.009195 -0.009195
-0.009662 0.033701 -0.994636 0.967392 -0.015066 -0.009191 -0.009191
-0.010629 0.032738 -0.996421 0.967332 -0.015044 -0.009201 -0.009201
-0.008455 0.033701 -0.994636 0.967312 -0.015049 -0.009172 -0.009172
-0.009904 0.032979 -0.996675 0.967295 -0.015038 -0.009163 -0.009163
-0.010387 0.033942 -0.994636 0.967237 -0.015043 -0.009172 -0.009172
-0.010870 0.033701 -0.996930 0.967138 -0.015037 -0.009194 -0.009194
-0.009662 0.033942 -0.996930 0.967063 -0.015042 -0.009194 -0.009194
-0.009904 0.033220 -0.994126 0.966993 -0.015034 -0.009195 -0.009195
-0.010629 0.033701 -0.996421 0.966914 -0.015030 -0.009211 -0.009211
-0.008213 0.033942 -0.997185 0.966841 -0.015043 -0.009183 -0.009183
-0.009179 0.033220 -0.995656 0.966753 -0.015032 -0.009170 -0.009170
-0.007730 0.032497 -0.997695 0.966662 -0.015015 -0.009123 -0.009123
-0.010387 0.034423 -0.994891 0.966588 -0.015028 -0.009137 -0.009137
-0.009662 0.032738 -0.997695 0.966519 -0.015018 -0.009125 -0.009125
-0.010629 0.034423 -0.993872 0.966501 -0.015033 -0.009141 -0.009141
-0.009904 0.031535 -0.996930 0.966503 -0.014994 -0.009132 -0.009132
-0.010629 0.033460 -0.995401 0.966542 -0.014992 -0.009139 -0.009139
-0.010870 0.034183 -0.996421 0.966605 -0.015003 -0.009158 -0.009158
-0.012078 0.034664 -0.996166 0.966706 -0.015017 -0.009198 -0.009198
-0.008696 0.032979 -0.997185 0.966838 -0.015024 -0.009154 -0.009154
-0.009904 0.034183 -0.993617 0.966898 -0.015044 -0.009155 -0.009155
-0.009662 0.034423 -0.994891 0.966902 -0.015058 -0.009149 -0.009149
-0.011112 0.032979 -0.996421 0.966904 -0.015039 -0.009173 -0.009173
-0.010870 0.034423 -0.997440 0.966928 -0.015055 -0.009194 -0.009194
-0.012803 0.034423 -0.993107 0.966958 -0.015059 -0.009249 -0.009249
-0.011595 0.034905 -0.993872 0.967005 -0.015075 -0.009275 -0.009275
-0.009904 0.035627 -0.994381 0.967069 -0.015108 -0.009285 -0.009285
-0.010145 0.033701 -0.996166 0.967128 -0.015104 -0.009280 -0.009280
-0.011595 0.034423 -0.995911 0.967171 -0.015112 -0.009302 -0.009302
-0.011595 0.032497 -0.996166 0.967192 -0.015077 -0.009319 -0.009319
-0.010870 0.033460 -0.995401 0.967232 -0.015067 -0.009321 -0.009321
-0.010387 0.032979 -0.997185 0.967278 -0.015054 -0.009317 -0.009317
-0.011836 0.034664 -0.994891 0.967385 -0.015065 -0.009343 -0.009343
-0.012803 0.034423 -0.997185 0.967528 -0.015068 -0.009378 -0.009378
-0.011112 0.033942 -0.994381 0.967654 -0.015070 -0.009384 -0.009384
-0.011353 0.035145 -0.994891 0.967766 -0.015099 -0.009396 -0.009396
-0.010629 0.032016 -0.994891 0.967838 -0.015070 -0.009382 -0.009382
-0.010145 0.033460 -0.997440 0.967902 -0.015069 -0.009365 -0.009365
-0.010387 0.034664 -0.995401 0.967929 -0.015090 -0.009362 -0.009362
-0.010387 0.034423 -0.996930 0.967920 -0.015102 -0.009365 -0.009365
-0.008213 0.034905 -0.992597 0.967925 -0.015139 -0.009320 -0.009320
-0.010145 0.032979 -0.994636 0.967910 -0.015126 -0.009309 -0.009309
-0.012078 0.034905 -0.995911 0.967885 -0.015138 -0.009349 -0.009349
-0.008938 0.033942 -0.996421 0.967855 -0.015141 -0.009323 -0.009323
-0.007971 0.034905 -0.994891 0.967843 -0.015168 -0.009285 -0.009285
-0.008213 0.034183 -0.994891 0.967831 -0.015174 -0.009247 -0.009247
-0.012561 0.034905 -0.997950 0.967766 -0.015172 -0.009304 -0.009304
-0.010870 0.035868 -0.995656 0.967681 -0.015202 -0.009335 -0.009335
-0.009904 0.033701 -0.992342 0.967601 -0.015192 -0.009337 -0.009337
-0.009662 0.036108 -0.993872 0.967547 -0.015237 -0.009335 -0.009335
-0.010629 0.033220 -0.993107 0.967483 -0.015219 -0.009343 -0.009343
-0.009179 0.032016 -0.997440 0.967425 -0.015180 -0.009314 -0.009314
-0.009904 0.034183 -0.995146 0.967334 -0.015182 -0.009321 -0.009321
-0.011595 0.033220 -0.994636 0.967195 -0.015157 -0.009356 -0.009356
-0.009421 0.033460 -0.991832 0.967077 -0.015151 -0.009347 -0.009347
-0.009421 0.033942 -0.993617 0.966970 -0.015159 -0.009340 -0.009340
-0.007730 0.034423 -0.992087 0.966889 -0.015181 -0.009302 -0.009302
-0.010870 0.034905 -0.997950 0.966810 -0.015191 -0.009325 -0.009325
-0.008455 0.034664 -0.994381 0.966737 -0.015207 -0.009300 -0.009300
-0.012078 0.033942 -0.994381 0.966643 -0.015188 -0.009342 -0.009342
-0.009179 0.033942 -0.994381 0.966620 -0.015193 -0.009325 -0.009325
-0.009904 0.032979 -0.996166 0.966634 -0.015176 -0.009315 -0.009315
-0.010387 0.033460 -0.995146 0.966625 -0.015167 -0.009314 -0.009314
-0.011353 0.034423 -0.998460 0.966600 -0.015157 -0.009342 -0.009342
-0.009662 0.034905 -0.994126 0.966601 -0.015180 -0.009338 -0.009338
-0.010387 0.034423 -0.997950 0.966608 -0.015184 -0.009332 -0.009332
-0.010870 0.034423 -0.993617 0.966620 -0.015183 -0.009340 -0.009340
-0.011595 0.034423 -0.996421 0.966635 -0.015175 -0.009365 -0.009365
-0.008696 0.035868 -0.993617 0.966595 -0.015218 -0.009350 -0.009350
-0.011112 0.033701 -0.997695 0.966472 -0.015197 -0.009371 -0.009371
-0.007971 0.033701 -0.994636 0.966354 -0.015194 -0.009334 -0.009334
-0.010145 0.035386 -0.997695 0.966230 -0.015208 -0.009352 -0.009352
-0.008213 0.034905 -0.995401 0.966155 -0.015227 -0.009324 -0.009324
-0.009421 0.034905 -0.995146 0.966110 -0.015240 -0.009318 -0.009318
-0.009662 0.035145 -0.992087 0.966026 -0.015260 -0.009328 -0.009328
-0.010629 0.034664 -0.994636 0.965902 -0.015252 -0.009352 -0.009352
-0.011112 0.032497 -0.995656 0.965796 -0.015207 -0.009373 -0.009373
-0.010387 0.034183 -0.997695 0.965727 -0.015201 -0.009376 -0.009376
-0.011353 0.034905 -0.994891 0.965684 -0.015212 -0.009396 -0.009396
-0.010870 0.036349 -0.994891 0.965673 -0.015254 -0.009413 -0.009413
-0.010145 0.033701 -0.992342 0.965664 -0.015248 -0.009407 -0.009407
-0.009421 0.034183 -0.996930 0.965671 -0.015252 -0.009393 -0.009393
-0.009662 0.033460 -0.994126 0.965637 -0.015243 -0.009379 -0.009379
-0.009421 0.034183 -0.997440 0.965581 -0.015240 -0.009364 -0.009364
-0.010145 0.032257 -0.994636 0.965567 -0.015202 -0.009351 -0.009351
-0.009904 0.035386 -0.995911 0.965617 -0.015226 -0.009346 -0.009346
-0.011353 0.033220 -0.994381 0.965688 -0.015202 -0.009362 -0.009362
-0.010387 0.035627 -0.995401 0.965808 -0.015234 -0.009369 -0.009369
-0.010145 0.035386 -0.996166 0.965938 -0.015259 -0.009362 -0.009362
-0.010145 0.035145 -0.996930 0.966075 -0.015282 -0.009359 -0.009359
-0.010870 0.034423 -0.991068 0.966192 -0.015286 -0.009364 -0.009364
-0.010870 0.031775 -0.995656 0.966281 -0.015237 -0.009355 -0.009355
-0.009179 0.035145 -0.992087 0.966403 -0.015268 -0.009337 -0.009337
-0.010387 0.035868 -0.994636 0.966522 -0.015300 -0.009343 -0.009343
-0.011112 0.032738 -0.992852 0.966579 -0.015267 -0.009352 -0.009352
-0.011836 0.033701 -0.993107 0.966608 -0.015254 -0.009376 -0.009376
-0.010145 0.033220 -0.994891 0.966555 -0.015238 -0.009369 -0.009369
-0.010145 0.034664 -1.001009 0.966443 -0.015243 -0.009371 -0.009371
-0.009662 0.034664 -0.996675 0.966367 -0.015245 -0.009361 -0.009361
-0.009179 0.033942 -0.996421 0.966316 -0.015236 -0.009337 -0.009337
-0.011353 0.033942 -0.993617 0.966293 -0.015224 -0.009356 -0.009356
-0.009421 0.033220 -0.996166 0.966299 -0.015214 -0.009333 -0.009333
-0.010387 0.035868 -0.993872 0.966329 -0.015243 -0.009350 -0.009350
-0.011595 0.034905 -0.991832 0.966355 -0.015249 -0.009381 -0.009381
-0.010387 0.033942 -0.993872 0.966389 -0.015249 -0.009378 -0.009378
-0.009904 0.034423 -0.994891 0.966433 -0.015261 -0.009362 -0.009362
-0.011595 0.034423 -0.994636 0.966502 -0.015259 -0.009381 -0.009381
-0.010145 0.032738 -0.996421 0.966587 -0.015236 -0.009368 -0.009368
-0.011836 0.034183 -0.994381 0.966630 -0.015233 -0.009397 -0.009397
-0.010145 0.032738 -0.998715 0.966637 -0.015207 -0.009388 -0.009388
-0.009179 0.035386 -0.994891 0.966596 -0.015237 -0.009377 -0.009377
-0.009904 0.033220 -0.995146 0.966483 -0.015215 -0.009368 -0.009368
-0.007971 0.033220 -0.995146 0.966456 -0.015207 -0.009318 -0.009318
-0.010145 0.033460 -0.993617 0.966483 -0.015201 -0.009306 -0.009306
-0.009904 0.032979 -0.991832 0.966563 -0.015190 -0.009290 -0.009290
-0.011353 0.034183 -0.995146 0.966689 -0.015192 -0.009313 -0.009313
-0.009662 0.032738 -0.992342 0.966756 -0.015171 -0.009295 -0.009295
-0.008938 0.034183 -0.996166 0.966787 -0.015183 -0.009273 -0.009273
-0.007971 0.034423 -0.995146 0.966859 -0.015206 -0.009232 -0.009232
-0.009662 0.034664 -0.995146 0.966954 -0.015225 -0.009224 -0.009224
-0.010629 0.034183 -0.993617 0.967008 -0.015223 -0.009239 -0.009239
-0.008938 0.034183 -0.995401 0.967039 -0.015233 -0.009218 -0.009218
-0.011595 0.034664 -0.995401 0.967037 -0.015232 -0.009256 -0.009256
-0.008696 0.033701 -0.994891 0.967022 -0.015234 -0.009231 -0.009231
-0.008213 0.034664 -0.994381 0.966973 -0.015254 -0.009205 -0.009205
-0.009421 0.035386 -0.995911 0.966892 -0.015285 -0.009209 -0.009209
-0.009904 0.034183 -0.995401 0.966825 -0.015280 -0.009212 -0.009212
-0.008938 0.034183 -0.995146 0.966781 -0.015281 -0.009196 -0.009196
-0.011836 0.033460 -0.993872 0.966731 -0.015254 -0.009232 -0.009232
-0.010629 0.035627 -0.994891 0.966706 -0.015280 -0.009255 -0.009255
-0.007971 0.034664 -0.993107 0.966685 -0.015295 -0.009226 -0.009226
-0.011836 0.032016 -0.994381 0.966629 -0.015242 -0.009250 -0.009250
-0.011595 0.033942 -0.995146 0.966585 -0.015237 -0.009279 -0.009279
-0.011112 0.034664 -0.996930 0.966544 -0.015247 -0.009306 -0.009306
-0.009662 0.035145 -0.995911 0.966546 -0.015269 -0.009304 -0.009304
-0.011112 0.033942 -0.993872 0.966557 -0.015262 -0.009323 -0.009323
-0.010629 0.033220 -0.989538 0.966589 -0.015248 -0.009329 -0.009329
-0.010870 0.034664 -0.994891 0.966643 -0.015261 -0.009333 -0.009333
-0.009421 0.035145 -0.996930 0.966680 -0.015284 -0.009323 -0.009323
-0.011836 0.034183 -0.996930 0.966681 -0.015271 -0.009354 -0.009354
-0.009904 0.033460 -0.994381 0.966694 -0.015261 -0.009346 -0.009346
-0.009904 0.032257 -0.998715 0.966706 -0.015228 -0.009325 -0.009325
-0.010870 0.033701 -0.993872 0.966672 -0.015223 -0.009342 -0.009342
-0.010387 0.034905 -0.995146 0.966608 -0.015233 -0.009348 -0.009348
-0.009421 0.033220 -0.994126 0.966599 -0.015217 -0.009330 -0.009330
-0.009421 0.035386 -0.993107 0.966654 -0.015248 -0.009326 -0.009326
-0.009904 0.034183 -0.993107 0.966699 -0.015248 -0.009325 -0.009325
-0.009179 0.034664 -0.994126 0.966750 -0.015266 -0.009313 -0.009313
-0.008938 0.034183 -0.994381 0.966737 -0.015273 -0.009293 -0.009293
-0.010387 0.033701 -0.995911 0.966672 -0.015268 -0.009298 -0.009298
-0.009179 0.035386 -0.991068 0.966563 -0.015303 -0.009288 -0.009288
-0.009179 0.034183 -0.999734 0.966399 -0.015306 -0.009278 -0.009278
-0.009421 0.033942 -0.993362 0.966295 -0.015301 -0.009279 -0.009279
-0.009904 0.032979 -0.997440 0.966233 -0.015276 -0.009275 -0.009275
-0.011112 0.035145 -0.994636 0.966211 -0.015290 -0.009304 -0.009304
-0.010145 0.031775 -0.998460 0.966192 -0.015242 -0.009295 -0.009295
-0.010870 0.032979 -0.996421 0.966182 -0.015212 -0.009305 -0.009305
-0.010629 0.033701 -0.995911 0.966177 -0.015202 -0.009320 -0.009320
-0.011353 0.035386 -0.993107 0.966177 -0.015218 -0.009351 -0.009351
-0.011112 0.034664 -0.998715 0.966169 -0.015224 -0.009367 -0.009367
-0.011112 0.034423 -0.995656 0.966118 -0.015220 -0.009384 -0.009384
-0.010629 0.033460 -0.994381 0.966029 -0.015204 -0.009395 -0.009395
-0.010629 0.032497 -0.994126 0.965937 -0.015171 -0.009402 -0.009402
-0.008455 0.034183 -0.993617 0.965871 -0.015184 -0.009370 -0.009370
-0.012319 0.033220 -0.995656 0.965880 -0.015155 -0.009400 -0.009400
-0.010629 0.034183 -0.999225 0.965971 -0.015159 -0.009403 -0.009403
-0.009179 0.034183 -0.997695 0.966067 -0.015164 -0.009382 -0.009382
-0.010387 0.034183 -0.996675 0.966153 -0.015169 -0.009382 -0.009382
-0.012319 0.034183 -0.992597 0.966132 -0.015159 -0.009424 -0.009424
-0.010145 0.035386 -0.997950 0.966049 -0.015177 -0.009431 -0.009431
-0.011112 0.034905 -0.994891 0.966015 -0.015189 -0.009454 -0.009454
-0.011836 0.033701 -0.997695 0.966014 -0.015176 -0.009470 -0.009470
-0.009421 0.034905 -0.995401 0.966048 -0.015199 -0.009455 -0.009455
-0.011353 0.033701 -0.995911 0.966078 -0.015188 -0.009471 -0.009471
-0.012319 0.032979 -0.995401 0.966134 -0.015161 -0.009500 -0.009500
-0.009662 0.033701 -0.999225 0.966234 -0.015161 -0.009472 -0.009472
-0.011112 0.034905 -0.992597 0.966314 -0.015178 -0.009492 -0.009492
-0.008938 0.033460 -0.997695 0.966376 -0.015176 -0.009457 -0.009457
-0.010629 0.034905 -0.995656 0.966435 -0.015193 -0.009468 -0.009468
-0.010145 0.035386 -0.994636 0.966496 -0.015223 -0.009462 -0.009462
-0.011595 0.035145 -0.992852 0.966616 -0.015243 -0.009484 -0.009484
-0.011595 0.034183 -0.992342 0.966777 -0.015245 -0.009503 -0.009503
-0.010870 0.033460 -0.995146 0.966917 -0.015236 -0.009499 -0.009499
-0.011353 0.032979 -0.994636 0.967035 -0.015217 -0.009498 -0.009498
-0.010629 0.034183 -0.995146 0.967176 -0.015225 -0.009488 -0.009488
-0.008696 0.033220 -0.992597 0.967326 -0.015219 -0.009446 -0.009446
-0.008213 0.033220 -0.994381 0.967400 -0.015211 -0.009400 -0.009400
-0.009662 0.033701 -0.995146 0.967413 -0.015210 -0.009384 -0.009384
-0.008696 0.033460 -0.994126 0.967441 -0.015211 -0.009345 -0.009345
-0.010870 0.034664 -0.995401 0.967473 -0.015224 -0.009353 -0.009353
-0.010870 0.034423 -0.995146 0.967504 -0.015226 -0.009363 -0.009363
-0.010629 0.035627 -0.997185 0.967546 -0.015255 -0.009373 -0.009373
-0.009179 0.034664 -0.994381 0.967596 -0.015271 -0.009346 -0.009346
-0.011836 0.034423 -0.994126 0.967638 -0.015272 -0.009375 -0.009375
-0.008696 0.035627 -0.996166 0.967715 -0.015311 -0.009348 -0.009348
-0.011353 0.033942 -0.999479 0.967777 -0.015298 -0.009356 -0.009356
-0.007730 0.034664 -0.996421 0.967860 -0.015318 -0.009304 -0.009304
-0.009421 0.033220 -0.996421 0.967930 -0.015295 -0.009283 -0.009283
-0.008696 0.034664 -0.992852 0.967905 -0.015314 -0.009260 -0.009260
-0.009179 0.033220 -0.996930 0.967785 -0.015297 -0.009245 -0.009245
-0.011595 0.035386 -0.992852 0.967687 -0.015313 -0.009287 -0.009287
-0.010387 0.035627 -0.997950 0.967607 -0.015336 -0.009298 -0.009298
-0.009662 0.034423 -0.992087 0.967545 -0.015341 -0.009284 -0.009284
-0.009179 0.032979 -0.995911 0.967490 -0.015322 -0.009259 -0.009259
-0.010629 0.035868 -0.996421 0.967499 -0.015351 -0.009278 -0.009278
-0.008696 0.034423 -0.998205 0.967540 -0.015367 -0.009251 -0.009251
-0.008213 0.036108 -0.995911 0.967553 -0.015418 -0.009222 -0.009222
-0.008455 0.034905 -0.995911 0.967522 -0.015441 -0.009195 -0.009195
-0.010870 0.034905 -0.992342 0.967454 -0.015446 -0.009222 -0.009222
-0.011836 0.033220 -0.998205 0.967350 -0.015405 -0.009256 -0.009256
-0.008696 0.033701 -0.992342 0.967275 -0.015396 -0.009228 -0.009228
-0.010629 0.033220 -0.996675 0.967198 -0.015370 -0.009240 -0.009240
-0.011353 0.032016 -0.995146 0.967136 -0.015322 -0.009249 -0.009249
-0.010387 0.033220 -0.994636 0.967108 -0.015302 -0.009254 -0.009254
-0.012319 0.033220 -0.992852 0.967073 -0.015275 -0.009296 -0.009296
-0.011353 0.033220 -0.994381 0.967044 -0.015247 -0.009316 -0.009316
-0.010387 0.034664 -0.991832 0.966987 -0.015258 -0.009329 -0.009329
-0.008938 0.034183 -0.994891 0.966898 -0.015263 -0.009312 -0.009312
-0.011595 0.034183 -0.992852 0.966783 -0.015260 -0.009350 -0.009350
-0.011112 0.033701 -0.994891 0.966655 -0.015245 -0.009368 -0.009368
-0.011112 0.036349 -0.994126 0.966582 -0.015277 -0.009395 -0.009395
-0.010870 0.033220 -0.994891 0.966518 -0.015250 -0.009406 -0.009406
-0.010145 0.032738 -0.994126 0.966452 -0.015223 -0.009401 -0.009401
-0.010387 0.034664 -0.996675 0.966398 -0.015232 -0.009405 -0.009405
-0.009179 0.036108 -0.995401 0.966391 -0.015275 -0.009396 -0.009396
-0.008455 0.032979 -0.994126 0.966392 -0.015259 -0.009352 -0.009352
-0.009662 0.033942 -0.993362 0.966412 -0.015256 -0.009341 -0.009341
-0.012078 0.033220 -0.998715 0.966430 -0.015222 -0.009375 -0.009375
-0.010629 0.034664 -0.996675 0.966476 -0.015228 -0.009382 -0.009382
-0.009421 0.034183 -0.997185 0.966531 -0.015230 -0.009362 -0.009362
-0.009179 0.034664 -0.995656 0.966577 -0.015243 -0.009342 -0.009342
-0.009904 0.032016 -0.997185 0.966595 -0.015201 -0.009325 -0.009325
-0.010145 0.034423 -0.994381 0.966678 -0.015215 -0.009318 -0.009318
-0.009662 0.034183 -0.992597 0.966799 -0.015228 -0.009300 -0.009300
-0.011353 0.032257 -0.992087 0.966896 -0.015196 -0.009306 -0.009306
-0.009904 0.034664 -1.000754 0.967009 -0.015213 -0.009292 -0.009292
-0.010145 0.032979 -0.992597 0.967101 -0.015199 -0.009283 -0.009283
-0.009179 0.033942 -0.998970 0.967192 -0.015205 -0.009259 -0.009259
-0.010387 0.032738 -0.995146 0.967177 -0.015178 -0.009254 -0.009254
-0.011353 0.034423 -0.994636 0.967096 -0.015179 -0.009286 -0.009286
-0.009904 0.033220 -0.997440 0.967020 -0.015166 -0.009277 -0.009277
-0.011112 0.032257 -0.994381 0.966941 -0.015125 -0.009287 -0.009287
-0.009421 0.035627 -0.993362 0.966953 -0.015166 -0.009277 -0.009277
-0.008938 0.033460 -0.998970 0.966996 -0.015159 -0.009249 -0.009249
-0.010870 0.032257 -0.994891 0.966995 -0.015121 -0.009255 -0.009255
-0.010145 0.033460 -0.998460 0.966980 -0.015117 -0.009256 -0.009256
-0.010629 0.034423 -0.994126 0.967003 -0.015125 -0.009262 -0.009262
-0.009421 0.035145 -0.996675 0.967057 -0.015152 -0.009246 -0.009246
-0.010387 0.034664 -0.995401 0.967084 -0.015164 -0.009249 -0.009249
-0.010870 0.032979 -0.998205 0.967081 -0.015143 -0.009254 -0.009254
-0.009904 0.034183 -0.994891 0.967034 -0.015146 -0.009249 -0.009249
-0.009662 0.033701 -0.995401 0.966940 -0.015148 -0.009248 -0.009248
-0.009904 0.033942 -0.993362 0.966914 -0.015150 -0.009253 -0.009253
-0.010145 0.032738 -0.998460 0.966935 -0.015125 -0.009241 -0.009241
-0.009421 0.031775 -0.995911 0.966943 -0.015085 -0.009223 -0.009223
-0.009662 0.034423 -0.997185 0.966962 -0.015100 -0.009218 -0.009218
-0.011112 0.034423 -0.993362 0.967005 -0.015115 -0.009225 -0.009225
-0.008938 0.034423 -0.995911 0.967081 -0.015142 -0.009200 -0.009200
-0.011112 0.034183 -0.993362 0.967233 -0.015152 -0.009210 -0.009210
-0.010870 0.033942 -0.996930 0.967443 -0.015158 -0.009214 -0.009214
-0.009662 0.035145 -0.995656 0.967643 -0.015189 -0.009194 -0.009194
-0.010629 0.033460 -0.996930 0.967807 -0.015176 -0.009186 -0.009186
-0.009662 0.034183 -0.993362 0.967892 -0.015180 -0.009169 -0.009169
-0.008213 0.032016 -0.996421 0.967897 -0.015157 -0.009121 -0.009121
-0.010629 0.035868 -0.992087 0.967954 -0.015195 -0.009131 -0.009131
-0.011836 0.034183 -0.997440 0.968018 -0.015190 -0.009163 -0.009163
-0.010870 0.033701 -0.995146 0.968082 -0.015186 -0.009175 -0.009175
-0.009904 0.034664 -0.995911 0.968153 -0.015194 -0.009174 -0.009174
-0.009662 0.032979 -0.992087 0.968283 -0.015188 -0.009151 -0.009151
-0.010145 0.033460 -0.994891 0.968466 -0.015190 -0.009136 -0.009136
-0.010629 0.034664 -0.992597 0.968609 -0.015212 -0.009139 -0.009139
-0.009662 0.034183 -0.998460 0.968713 -0.015224 -0.009121 -0.009121
-0.009421 0.033942 -0.996930 0.968767 -0.015227 -0.009101 -0.009101
-0.010629 0.033220 -0.998205 0.968776 -0.015205 -0.009113 -0.009113
-0.010145 0.032738 -0.993107 0.968742 -0.015180 -0.009112 -0.009112
-0.009421 0.033220 -0.996421 0.968682 -0.015171 -0.009102 -0.009102
-0.009179 0.032979 -0.993362 0.968658 -0.015161 -0.009085 -0.009085
-0.010629 0.032497 -0.996421 0.968653 -0.015135 -0.009092 -0.009092
-0.010387 0.033220 -0.994126 0.968644 -0.015127 -0.009094 -0.009094
-0.009421 0.032738 -0.997695 0.968626 -0.015107 -0.009073 -0.009073
-0.011836 0.034183 -0.993362 0.968590 -0.015111 -0.009109 -0.009109
-0.010870 0.033460 -0.994891 0.968540 -0.015109 -0.009124 -0.009124
-0.010629 0.033701 -0.994126 0.968470 -0.015108 -0.009131 -0.009131
-0.010870 0.032979 -0.994126 0.968375 -0.015092 -0.009139 -0.009139
-0.011353 0.033460 -0.993872 0.968225 -0.015083 -0.009174 -0.009174
-0.011836 0.034664 -0.997440 0.968038 -0.015086 -0.009222 -0.009222
-0.010629 0.034183 -0.992087 0.967902 -0.015093 -0.009238 -0.009238
-0.010870 0.033220 -0.998460 0.967794 -0.015075 -0.009254 -0.009254
-0.010629 0.034905 -0.994636 0.967687 -0.015093 -0.009275 -0.009275
-0.009662 0.033460 -0.997185 0.967564 -0.015081 -0.009269 -0.009269
-0.011112 0.032738 -0.992597 0.967420 -0.015051 -0.009290 -0.009290
-0.012078 0.033220 -0.995146 0.967262 -0.015033 -0.009333 -0.009333
-0.009904 0.033701 -0.996675 0.967077 -0.015029 -0.009336 -0.009336
-0.010145 0.032016 -0.996675 0.966854 -0.014993 -0.009333 -0.009333
-0.009179 0.033220 -0.993872 0.966677 -0.014986 -0.009321 -0.009321
-0.010629 0.035386 -0.996421 0.966538 -0.015008 -0.009345 -0.009345
-0.010870 0.034905 -0.995401 0.966459 -0.015023 -0.009362 -0.009362
-0.010387 0.035627 -0.996421 0.966436 -0.015058 -0.009375 -0.009375
-0.008696 0.034664 -0.992597 0.966430 -0.015080 -0.009350 -0.009350
-0.010629 0.033701 -0.997185 0.966421 -0.015075 -0.009357 -0.009357
-0.009421 0.034183 -0.994636 0.966420 -0.015088 -0.009345 -0.009345
-0.009421 0.034905 -0.997185 0.966423 -0.015112 -0.009335 -0.009335
-0.010629 0.035145 -0.994636 0.966455 -0.015131 -0.009348 -0.009348
-0.009421 0.032979 -0.998205 0.966499 -0.015119 -0.009326 -0.009326
-0.009662 0.032257 -0.992087 0.966548 -0.015096 -0.009308 -0.009308
-0.009904 0.032979 -0.996166 0.966601 -0.015084 -0.009296 -0.009296
-0.011836 0.036349 -0.993107 0.966678 -0.015130 -0.009332 -0.009332
-0.010629 0.034423 -0.992852 0.966749 -0.015145 -0.009335 -0.009335
-0.011112 0.034423 -0.995656 0.966842 -0.015154 -0.009350 -0.009350
-0.009662 0.035145 -0.996421 0.966960 -0.015184 -0.009338 -0.009338
-0.010870 0.032979 -0.994636 0.967024 -0.015172 -0.009339 -0.009339
-0.010870 0.033220 -0.996930 0.967059 -0.015157 -0.009345 -0.009345
-0.008455 0.032497 -0.994381 0.967089 -0.015143 -0.009298 -0.009298
-0.010629 0.034423 -0.994381 0.967112 -0.015152 -0.009314 -0.009314
-0.011112 0.031294 -0.996166 0.967114 -0.015096 -0.009312 -0.009312
-0.009904 0.034664 -0.999479 0.967143 -0.015115 -0.009302 -0.009302
-0.010629 0.033942 -0.991577 0.967173 -0.015121 -0.009306 -0.009306
-0.010629 0.033460 -0.996675 0.967208 -0.015114 -0.009310 -0.009310
-0.010629 0.033701 -0.994126 0.967205 -0.015111 -0.009318 -0.009318
-0.010387 0.032979 -0.994381 0.967171 -0.015095 -0.009319 -0.009319
-0.009904 0.035145 -0.992852 0.967144 -0.015120 -0.009316 -0.009316
-0.011836 0.034183 -0.993872 0.967100 -0.015113 -0.009355 -0.009355
-0.011595 0.034664 -0.997695 0.967067 -0.015121 -0.009380 -0.009380
-0.009662 0.033460 -0.997950 0.967043 -0.015116 -0.009366 -0.009366
-0.010387 0.036349 -0.992087 0.967046 -0.015167 -0.009376 -0.009376
-0.010145 0.034183 -0.998970 0.967042 -0.015167 -0.009367 -0.009367
-0.010145 0.033701 -0.992597 0.967005 -0.015165 -0.009362 -0.009362
-0.011112 0.035386 -0.994636 0.966952 -0.015193 -0.009385 -0.009385
-0.009421 0.033460 -0.992852 0.966965 -0.015198 -0.009358 -0.009358
-0.008696 0.034423 -0.999479 0.967043 -0.015214 -0.009325 -0.009325
-0.009662 0.032497 -0.995146 0.967114 -0.015193 -0.009299 -0.009299
-0.010387 0.032979 -0.995146 0.967189 -0.015174 -0.009289 -0.009289
-0.012078 0.033220 -0.992597 0.967164 -0.015148 -0.009323 -0.009323
-0.009662 0.033942 -0.996675 0.967079 -0.015144 -0.009317 -0.009317
-0.012078 0.034905 -0.994381 0.967050 -0.015155 -0.009354 -0.009354
-0.011595 0.034905 -0.997950 0.967068 -0.015163 -0.009380 -0.009380
-0.011112 0.033220 -0.993362 0.967059 -0.015148 -0.009388 -0.009388
-0.009662 0.034423 -0.996421 0.967054 -0.015167 -0.009375 -0.009375
-0.010870 0.034423 -0.994891 0.967035 -0.015174 -0.009389 -0.009389
-0.011353 0.032979 -0.996930 0.967001 -0.015144 -0.009404 -0.009404
-0.010870 0.034664 -0.995911 0.966969 -0.015154 -0.009420 -0.009420
-0.009904 0.034423 -0.997950 0.966928 -0.015162 -0.009420 -0.009420
-0.007971 0.033942 -0.994126 0.966908 -0.015165 -0.009370 -0.009370
-0.009179 0.034905 -0.994381 0.966904 -0.015188 -0.009360 -0.009360
-0.009904 0.035868 -0.993617 0.966888 -0.015231 -0.009366 -0.009366
-0.009662 0.034905 -0.999479 0.966853 -0.015243 -0.009355 -0.009355
-0.011595 0.033220 -0.996930 0.966831 -0.015217 -0.009366 -0.009366
-0.008696 0.032497 -0.995911 0.966837 -0.015197 -0.009325 -0.009325
-0.010870 0.034183 -0.992087 0.966905 -0.015199 -0.009330 -0.009330
-0.008696 0.035145 -0.994381 0.967029 -0.015230 -0.009295 -0.009295
-0.010870 0.033942 -0.996675 0.967164 -0.015225 -0.009299 -0.009299
-0.008938 0.032257 -0.998970 0.967323 -0.015203 -0.009253 -0.009253
-0.010870 0.033220 -0.993872 0.967406 -0.015190 -0.009261 -0.009261
-0.010387 0.034905 -0.998715 0.967441 -0.015208 -0.009268 -0.009268
-0.010145 0.034905 -0.994891 0.967414 -0.015225 -0.009275 -0.009275
-0.011112 0.033460 -0.995401 0.967325 -0.015204 -0.009290 -0.009290
-0.010387 0.032738 -0.995401 0.967268 -0.015183 -0.009277 -0.009277
-0.010145 0.033460 -0.996930 0.967240 -0.015173 -0.009276 -0.009276
-0.010387 0.036349 -0.996421 0.967210 -0.015204 -0.009302 -0.009302
-0.011595 0.034183 -0.994891 0.967145 -0.015193 -0.009338 -0.009338
-0.012803 0.033220 -0.993617 0.967074 -0.015167 -0.009382 -0.009382
-0.011595 0.034183 -0.994126 0.967021 -0.015159 -0.009410 -0.009410
-0.009421 0.034183 -0.992852 0.967020 -0.015164 -0.009398 -0.009398
-0.010387 0.033942 -0.997185 0.967046 -0.015160 -0.009396 -0.009396
-0.010870 0.033460 -0.994891 0.967082 -0.015147 -0.009396 -0.009396
-0.011112 0.034183 -0.994381 0.967130 -0.015152 -0.009404 -0.009404
-0.011595 0.032979 -0.993362 0.967172 -0.015132 -0.009421 -0.009421
-0.010629 0.030572 -0.996421 0.967204 -0.015070 -0.009407 -0.009407
-0.008696 0.034423 -0.993362 0.967261 -0.015089 -0.009379 -0.009379
-0.009662 0.034183 -0.995656 0.967302 -0.015102 -0.009365 -0.009365
-0.011353 0.033942 -0.993617 0.967327 -0.015102 -0.009384 -0.009384
-0.010387 0.033701 -0.998205 0.967344 -0.015101 -0.009376 -0.009376
-0.010629 0.034183 -0.995146 0.967354 -0.015105 -0.009376 -0.009376
-0.009421 0.031053 -0.996930 0.967341 -0.015054 -0.009339 -0.009339
-0.010145 0.034183 -0.992342 0.967335 -0.015067 -0.009335 -0.009335
-0.010629 0.033220 -0.996421 0.967311 -0.015056 -0.009340 -0.009340
-0.010145 0.033460 -0.992342 0.967323 -0.015050 -0.009335 -0.009335
-0.009662 0.034664 -0.996421 0.967368 -0.015074 -0.009320 -0.009320
-0.010145 0.034905 -0.995656 0.967416 -0.015097 -0.009309 -0.009309
-0.011353 0.034183 -0.995146 0.967460 -0.015107 -0.009331 -0.009331
-0.010870 0.033942 -0.993617 0.967484 -0.015110 -0.009341 -0.009341
-0.009662 0.033942 -0.994636 0.967498 -0.015114 -0.009324 -0.009324
-0.009662 0.034423 -0.993362 0.967456 -0.015130 -0.009314 -0.009314
-0.010629 0.034423 -0.995656 0.967363 -0.015142 -0.009330 -0.009330
-0.010870 0.033701 -0.995656 0.967266 -0.015139 -0.009343 -0.009343
-0.011836 0.033942 -0.997185 0.967163 -0.015129 -0.009378 -0.009378
-0.008696 0.034423 -0.995146 0.967123 -0.015142 -0.009351 -0.009351
-0.008455 0.035386 -0.994891 0.967128 -0.015176 -0.009319 -0.009319
-0.007730 0.034905 -0.992852 0.967177 -0.015207 -0.009269 -0.009269
-0.011353 0.033460 -0.996930 0.967235 -0.015195 -0.009281 -0.009281
-0.010387 0.034664 -0.995401 0.967313 -0.015212 -0.009280 -0.009280
-0.009904 0.032497 -0.998970 0.967382 -0.015188 -0.009259 -0.009259
-0.011836 0.033220 -0.997440 0.967469 -0.015172 -0.009273 -0.009273
-0.010145 0.033942 -0.996675 0.967582 -0.015180 -0.009256 -0.009256
-0.011112 0.033460 -0.996930 0.967697 -0.015169 -0.009254 -0.009254
-0.008938 0.034905 -0.995656 0.967838 -0.015206 -0.009224 -0.009224
-0.012078 0.036108 -0.995656 0.967912 -0.015241 -0.009267 -0.009267
-0.010870 0.034183 -0.995146 0.967929 -0.015237 -0.009284 -0.009284
-0.008938 0.034423 -0.993107 0.968006 -0.015251 -0.009257 -0.009257
-0.010870 0.034423 -0.996421 0.968118 -0.015259 -0.009266 -0.009266
-0.009179 0.033701 -0.995656 0.968186 -0.015261 -0.009241 -0.009241
-0.008938 0.034905 -0.995656 0.968230 -0.015291 -0.009221 -0.009221
-0.010387 0.033220 -0.992087 0.968229 -0.015278 -0.009219 -0.009219
-0.009421 0.034183 -0.994381 0.968219 -0.015291 -0.009205 -0.009205
-0.010145 0.034423 -0.995911 0.968206 -0.015293 -0.009207 -0.009207
-0.011112 0.033942 -0.995911 0.968187 -0.015279 -0.009231 -0.009231
-0.009662 0.034905 -0.994126 0.968220 -0.015300 -0.009225 -0.009225
-0.009904 0.034183 -0.995401 0.968277 -0.015300 -0.009222 -0.009222
-0.010387 0.033942 -0.996166 0.968285 -0.015295 -0.009232 -0.009232
-0.011836 0.034423 -0.997440 0.968254 -0.015286 -0.009271 -0.009271
-0.010145 0.033701 -0.993617 0.968214 -0.015274 -0.009270 -0.009270
-0.011112 0.034664 -0.994126 0.968169 -0.015275 -0.009297 -0.009297
-0.010387 0.034905 -0.996166 0.968066 -0.015276 -0.009307 -0.009307
-0.010870 0.035627 -0.999225 0.967916 -0.015295 -0.009335 -0.009335
-0.010629 0.034423 -0.993107 0.967787 -0.015298 -0.009342 -0.009342
-0.008455 0.032497 -0.996930 0.967674 -0.015279 -0.009303 -0.009303
-0.009421 0.035386 -0.994126 0.967619 -0.015300 -0.009302 -0.009302
-0.010870 0.032738 -0.997440 0.967577 -0.015263 -0.009310 -0.009310
-0.009421 0.033460 -0.992597 0.967511 -0.015256 -0.009297 -0.009297
-0.011595 0.033460 -0.996930 0.967409 -0.015238 -0.009328 -0.009328
-0.010629 0.033460 -0.995146 0.967340 -0.015225 -0.009332 -0.009332
-0.010145 0.033460 -0.994381 0.967296 -0.015220 -0.009333 -0.009333
-0.010387 0.033942 -0.995911 0.967271 -0.015218 -0.009332 -0.009332
-0.011836 0.033460 -0.998970 0.967246 -0.015199 -0.009355 -0.009355
-0.011595 0.034664 -0.993362 0.967251 -0.015207 -0.009384 -0.009384
-0.013044 0.034423 -0.994381 0.967265 -0.015204 -0.009436 -0.009436
-0.008938 0.034423 -0.994126 0.967280 -0.015220 -0.009410 -0.009410
-0.011595 0.034664 -0.993107 0.967279 -0.015229 -0.009432 -0.009432
-0.010870 0.034423 -0.994891 0.967322 -0.015236 -0.009440 -0.009440
-0.008938 0.033220 -0.998715 0.967393 -0.015224 -0.009397 -0.009397
-0.008455 0.034664 -0.994636 0.967429 -0.015247 -0.009362 -0.009362
-0.010387 0.032257 -0.996930 0.967407 -0.015212 -0.009357 -0.009357
-0.011112 0.035386 -0.993872 0.967430 -0.015237 -0.009373 -0.009373
-0.011595 0.033220 -0.996421 0.967459 -0.015212 -0.009390 -0.009390
-0.010387 0.032979 -0.997440 0.967461 -0.015192 -0.009385 -0.009385
-0.012078 0.033942 -0.995146 0.967441 -0.015183 -0.009418 -0.009418
-0.010629 0.033460 -0.995656 0.967463 -0.015170 -0.009412 -0.009412
-0.011595 0.035145 -0.995146 0.967523 -0.015195 -0.009437 -0.009437
-0.010629 0.033220 -0.993872 0.967518 -0.015182 -0.009433 -0.009433
-0.008938 0.035145 -0.999989 0.967488 -0.015204 -0.009404 -0.009404
-0.011595 0.035868 -0.992852 0.967452 -0.015234 -0.009439 -0.009439
-0.009179 0.033942 -0.994891 0.967415 -0.015232 -0.009416 -0.009416
-0.011112 0.033460 -0.993107 0.967300 -0.015216 -0.009430 -0.009430
-0.008938 0.032497 -0.995656 0.967136 -0.015185 -0.009403 -0.009403
-0.010870 0.033701 -0.993362 0.967010 -0.015177 -0.009409 -0.009409
-0.011353 0.035386 -0.996421 0.966928 -0.015196 -0.009435 -0.009435
-0.009179 0.033942 -0.995401 0.966854 -0.015205 -0.009413 -0.009413
-0.010387 0.033701 -0.997695 0.966777 -0.015200 -0.009418 -0.009418
-0.010145 0.034423 -0.992087 0.966757 -0.015210 -0.009419 -0.009419
-0.010870 0.034664 -0.995656 0.966773 -0.015219 -0.009431 -0.009431
-0.010387 0.035145 -0.994636 0.966809 -0.015246 -0.009437 -0.009437
-0.009179 0.033701 -0.995656 0.966852 -0.015247 -0.009406 -0.009406
-0.010629 0.033701 -0.994126 0.966833 -0.015237 -0.009417 -0.009417
-0.010145 0.032738 -0.996930 0.966772 -0.015209 -0.009415 -0.009415
-0.009904 0.035145 -0.995656 0.966790 -0.015226 -0.009415 -0.009415
-0.008696 0.034664 -0.997440 0.966859 -0.015252 -0.009385 -0.009385
-0.009662 0.035627 -0.994891 0.966911 -0.015281 -0.009377 -0.009377
-0.008938 0.033220 -0.994381 0.966937 -0.015266 -0.009347 -0.009347
-0.010870 0.032738 -0.993872 0.966985 -0.015237 -0.009345 -0.009345
-0.010145 0.032257 -0.996675 0.967058 -0.015204 -0.009335 -0.009335
-0.009179 0.034183 -0.993617 0.967128 -0.015217 -0.009314 -0.009314
-0.009662 0.033460 -0.998460 0.967172 -0.015208 -0.009304 -0.009304
-0.010870 0.034905 -0.995656 0.967158 -0.015227 -0.009324 -0.009324
-0.010145 0.036349 -0.995656 0.967111 -0.015266 -0.009332 -0.009332
-0.009179 0.035868 -0.994381 0.967079 -0.015300 -0.009318 -0.009318
-0.008696 0.033220 -0.996421 0.967043 -0.015288 -0.009289 -0.009289
-0.010870 0.035627 -0.996421 0.967005 -0.015314 -0.009319 -0.009319
-0.008938 0.034905 -0.996421 0.966962 -0.015328 -0.009297 -0.009297
-0.010870 0.033942 -0.992852 0.966892 -0.015317 -0.009321 -0.009321
-0.012319 0.032738 -0.998970 0.966798 -0.015274 -0.009360 -0.009360
-0.011353 0.034423 -0.995401 0.966668 -0.015265 -0.009385 -0.009385
-0.009904 0.033942 -0.996166 0.966504 -0.015259 -0.009383 -0.009383
-0.012319 0.033460 -0.994891 0.966381 -0.015231 -0.009426 -0.009426
-0.008213 0.034664 -0.995656 0.966329 -0.015246 -0.009393 -0.009393
-0.009179 0.033701 -0.992342 0.966310 -0.015243 -0.009379 -0.009379
-0.011112 0.034664 -0.996166 0.966327 -0.015246 -0.009392 -0.009392
-0.010870 0.032979 -0.997185 0.966330 -0.015221 -0.009398 -0.009398
-0.009904 0.032979 -0.994891 0.966334 -0.015204 -0.009382 -0.009382
-0.012078 0.034423 -0.996421 0.966383 -0.015209 -0.009417 -0.009417
-0.009904 0.033701 -0.994891 0.966469 -0.015204 -0.009398 -0.009398
-0.010387 0.035386 -0.994381 0.966544 -0.015226 -0.009406 -0.009406
-0.010387 0.035145 -0.995146 0.966599 -0.015242 -0.009414 -0.009414
-0.010870 0.034423 -0.993362 0.966630 -0.015248 -0.009426 -0.009426
-0.010145 0.035386 -0.995146 0.966653 -0.015272 -0.009433 -0.009433
-0.008696 0.033942 -0.993872 0.966660 -0.015280 -0.009393 -0.009393
-0.010387 0.036590 -1.001009 0.966664 -0.015323 -0.009400 -0.009400
-0.008696 0.034423 -0.996166 0.966605 -0.015333 -0.009371 -0.009371
-0.009179 0.034905 -0.996421 0.966505 -0.015348 -0.009353 -0.009353
-0.011112 0.035386 -0.995911 0.966363 -0.015353 -0.009385 -0.009385
-0.011353 0.034664 -0.996930 0.966190 -0.015343 -0.009413 -0.009413
-0.009179 0.034664 -0.994891 0.966133 -0.015355 -0.009390 -0.009390
-0.014252 0.034183 -1.001264 0.966134 -0.015343 -0.009473 -0.009473
